-7	48479 32333 37776 115972 24739 107094 94531 7611 115212 nlsj87251 94531 106502 62204 94531 82881
-375	83756 33426 27371 47291 19477 59516 47913 20795 48479 115972 73672 45996
95	115972 2668 48479
95	72153 11698 62204 48479 8909 96981 115972 65624 115980 83057 91451 nlsj112815 9014 96981 32657 22209 48479 64940
95	66594 84234 71042 51989 21872 16171 63928 93388 85160 94033 91547 64815 92316 31562 19683 115972 97023 6439
100	105517 106263 115972 2764 104166 37405 43153 8909
-420	105344 92402 91634 74378 72209 107917 nlsj99416 104624 96698 6174 3485 115972 80471 84034 67156 86083 92475 54810 28566 26326 76017 45794
100	29883 17518 20369 115972 40563 46406 52332 53232 49415
95	28143 115972
200	nlsj2729 80555 102000 91547 48479 115972 67676
171	17381 113556 116293 nlsj80617 84034 72627 115972 56496 61791 82954 82550 51727 17412 50073 52571 nlsj4709 48291 106998 15133
-335	85982 98234 58319 56586 48479 83836 55688 57466 56991 85876 104355 55688 7724 6574 90370 48479 36588 112320 22209 31945 8108 48479 2055 115972 55688 112720 48479 84234 36529 109609 85306 34366 105548 6396 48479 91547 41357 71751 55688 54784
200	48291 84234 114093 65934 91547 115972 51800 75005 34855
-375	85982 104429 84034 115972 115972 110639
95	115972 48479 38879 56496
-335	84363 nlsj32160 62204 48479 115972 40862 61791 2764 42830 nlsj3134 45996 46249 63772 65757 110639 4076
95	64866 nlsj65911 102000 58444 112720 105548 106263 71620 115972 48479 73767 98979 15133 46712 59660 34451 15281 115213 83987 110639 51011 8909 nlsj29298 15893 113388 74079 83711 96270 29974 26207 2731 97990 nlsj114757
108	94760 42827 81767 73277 86112 19528 30941 115972 39489
-270	115972 3716 31772 70158 24002 3751 55456
-335	76029 nlsj65911 15047 23943 34855 72627 8909 nlsj33192 65934 22209 48479 115972 110456 96089
-335	48479 115972 115972 48479
-335	115972 104355 30809 45073 49415 83825 25401 35105 103701 33618 26047 64866 13088 nlsj87251 16051 28566
-7	107632 74819 115972 70896 88732 64866 5496 95724 110024 40462
-335	82190 15682 48479 115972 80978 11760 111023 70039
-355	106094 110598 28569 98707 15274 72254 48479 115972 71620 106263 64791 nlsj99416 74621 34855 59660 106094 6339 97779 21902 75954 73277 74621 75954 nlsj114757 112744 98584 116293 22209 71023 110639 48291 103701 62204 112720 105829
100	3485 115972 56991 86108 113560
100	13579 45368 67853 114615 17518 115972 91235 45545 nlsj59172 116293 112599 8817 79223 nlsj40126 22100
100	115972 106502 74621 49761 26447 74602 63772 98241 45996 80340 83330
170	48479 44397 115102 42648 71620 28569 111722 115972 106263
-420	45794 8909 66594 28566 106263 71620 84234 48479 115972 8909 71065 49705 52035 24619 98894 51697 64431 19305
175	57457 44214 8909 83310 16520 69714 3258 nlsj12260 16413 59710 115972 21335 73277 2088 2875 63352 85306
100	44663 23069 8665 64866 106263 115972
100	85306 64866 115972 53477 48479 97326
100	1872 115972 31565 15198 72357
-370	115972 nlsj96033 19546 45996 31161 84363 98894
95	72254 34855 29230 106502 41858 31161 3050 106601 84094 71087 71751 20952 29101 79094 111844 46281 5036 114233 6449 115972 65313 48479 112720 84422
228	nlsj5754 nlsj4718 83231 86083 115972 110639 387 nlsj5754 45996
230	113556 115972 22209 64151 51358
176	28512 4683 95908 106502 115972 8108 22100
228	115972 78008
95	101456 91451 115972 110639
95	64866 43206 43206 4076 2668 37776 106502 64866 115972 48479 69352 20709 64866 45545 29654
120	52859 63300 74602 115212 74602 75182 82881 115972 51701 106502 106601 47735 71751 69847 35592 71559 86305 62205
171	45830 10921 45794 24073 115972 37720 80357 106502 27847 33903 64757 115972 60438 46712 nlsj11198
-420	103012 72202 58319 102436 76017 nlsj70168 65934 61289 956 3485 115972 78326 103012
270	75787 83763 28569 34855 108536 98173 48579 38508 48479 38401 115972 65934 nlsj33192 97779 84365 84234
170	30680 75552 48479 112720 114364 115972 111729
-335	62204 72627 51373 2670 102000 30866 48479 nlsj107632 115972 96577 106601 28569 90504 76029 15893 48479 115972 22209 72627 93388 75595
270	7712 77596 76029 34848 91547 106502 24289 34855 58429 106601 48479 71620 106263 115972 98234 22209 68641 76029 98735 58429 22209 34855 36165 76029 76029 34855
365	97524 77698 17141 46782 102000 29150 45794 47913 41001 22535 1083 103994 10231 77698 22522 46036 115972 76742 64914 37776
-7	66397 57911 75306 115972 51867 67156 30671 nlsj84339
-335	103298 115972 67014 22209
95	76742 95661 63719 5273 103922 39023 75926 114615 70958 104355 46330 54217 10923 20097 26226 28569 48479 61855 102736 59516 48051 nlsj14870 112720 89772 95190 115972 20795 110725 35438 43598 57881 14181
228	74225 61791 62324 30642 115972 100673 31562 48479 115118 74225 36244
-420	113556 71094 48479 102000 100693 nlsj42558 111764 29865 39045 20379 18073 115972 nlsj42558 74441 24292 4845 47547 25194 51662 59188 20752 103862 82887 100693 36588 48498 39045 56227 66593 39045 71035 40507
-343	63772 nlsj11286 41045 6324 nlsj5408 52035 36827 108796 72202 115972 74126 18790 59150 79484 110521
-355	90798 66294 48479 1564 115972 nlsj89132 51241 87146 38401
100	70495 61128 115972 nlsj33192 90440 72254 47815
100	61553 51369 nlsj83829 94792 nlsj33192 111722 80181 115972 111728 52571
160	nlsj10479 29750 73277 40810 6174 59660 108410 66342 87468 nlsj71743 93587 84053 66388 106221 115972 41798 91890 16598 84250
100	116273 115972 48427 22997
228	nlsj667 24292 2465 115972 41335 101495 101512
-420	49938 85306 115972 48479 1564 115972 65552 48479 33426 71065 93789
-420	74621 29098 56393 94711 84034 47695 84068 48479 84034 78691 115972 15198 6339 84494 48504 57039 71033
-400	nlsj67620 115212 73064 85306 46892 90504 84080 64151 16459 71314 39045 34848 67210 115972 66593 16169 70603 84234 96519 89321 70105 73881 100727 104586 66594 12641 75539 8171 63352 4845 27724 45637 26447 72852 65757 59404 106502 28592 59404 94426 75552 37776 115212 34366 52282 39045
95	35360 2057 112720 115972 100693 24292 43206 77976 115940 112720 14023 72153 36827 115851 51867 110639 72522 48434 62204 36827 85306 48429 48434 115980 115851 108660 70958 64866 104165 104165 3289 42830 36827
-7	71094 nlsj8979 115972
120	48867 106502 115972 nlsj79934 114093 91547 106502 55091 106502 91547 111748 106502 59885 91547 96042
100	nlsj39949 69292 97313 53496 29974 84034 115972 14816 54217 80993 10923 8505
100	102995 76530 31854 3177 6620 48479 115972 103951 58161 115374
-700	70550 82756 70890 112943 115972 92514 2337 20369 59595 66208 nlsj33278 116136 50894 1072 51241 90308 58050 35876
-365	23628 103922 nlsj76838 60496 69901 106206 49752 4071 84034 48479 115972 46249 110114 22739 nlsj52453 75699 90504 49752 60496 74127 67150 1441 95654 31562 26207 70364 7161 41357 60496 49752 nlsj76838 17775 16051 83928 71037 22825 31246 20621 37210 26920
100	72522 24838 114615 42495 102759 66342 64866 47827 42495 34678 48446 115972 28569 115102
170	36559 6469 37244 115972 1442
350	102832 nlsj553 109022 67869 2577 90889 111895 nlsj14855 110598 70891 85306 60219 112943 115972 nlsj39852 71004 93762 92514 76056 55963 107662 58756 113526 66294 94706 110291 414 47856 94858 70188 50324 8238 52332 62824 1670
95	45917 63003 115595 1397 87091 71492 14835 80327 53838 112240 49678 61791 104655 14835 102230 19123 83754 72928 53838 1397 31903 52020 14835 108960 50974 21802 115972 59781 79118
400	104056 87772 65072 104210 60131 44993 nlsj19511 36431 30602 80152 60127 49676 115972 3325 26671 19775
-270	28411 1002 56393 80257 113216 58246 100631 82824 86271 97399 28512 106646 42185 74889 92323 83605 103085 67022 61722 112049 115972 24007 28260 27730 38876 18062 83182 21827 49415 892 114339 57827 28061 21964 29017 16477 104015
-355	48479 115972 90504 74735 80978 70910 64866 47617 72273 21872 35910 103012 41416 22209
-35	48427 82881 106502 22389 106206 26259 48436 75774 115980 115972 106502 72550 nlsj30855
-700	8665 113067 80461 65552 94692 106502 115972 19317 65552 49780 110364
-430	65089 4076 62204 115972 50649 nlsj8774 15763 38879
95	68383 112720 115937 104838 74225 115851 47863 110341 36778 115759 113019 103744 91448 115972 19005 84234
90	51373 24444 22209 110243 72287 43598 57157 86730 85419 38371 71307 55139 47931 80612 80570 19550 72627 106472 76678 85953 115972 63928 63937 2139 7171 64583 64586 22633 19554 53840 49875 45996 85306 59794 65469 58429
120	62204 24082 4683 316 21765 35541 83537 112794 85306 91439 78691 106502 115972 26156 72627 114093 15618 64316 42827
-375	79983 nlsj9255 92393 115972
-420	nlsj93255 86108 115972 48479 6339 58319 85306 16153 66561 85306 60100 18107 94521 20885 12948 42842 62204 55071
95	115971 71492 49241 78757 48395 112255 106502 115972 15822 387 59803 387 112255 82881 14568 29883 40352 23762 58790 90303 115972
-430	47917 89418 63772 15893 26745 nlsj3359 115193 28566 22209 47211 115972 115235 110243 2777
78	103701 72202 40161 26213 80555 116293 42159 101046 76910 99069 115212 46461 94695 63373 13128 102000 115972 106502 696 49875 72275 99859 35541 43137 41416 79484
-400	nlsj553 52055 77699 62528 50451 94233 38954 22997 8575 46712 106502 115972 92532
108	35244 27818 20195 115972 102220 108701 63772 30921 49173 15591 51358 114692 42214 22958 68969
78	33926 80189 45996 69689 62528 51701 77637 2139 40023 115349 44306 15822 85953 59885 89386 115972 63314 26319 1564 66294
228	3600 115972 29677 nlsj8652
228	22209 85953 74378 115972 26197 85943 nlsj61217 44770
171	nlsj24083 45996 15345 nlsj1226 56496 23799 96160 48574 66173 nlsj11663 115972
228	115972 47735 47617 4572 6174 84422 85246
-35	104095 43977 69753 102000 73064 74378 99116 72106 95789 105495 73277 71976 55905 115067 115972 80471 22209 34107 32657 114339 104586 65934 18537 11962 93835 21902
100	111726 83745 108399 86206 68641 106502 115972 7245 115972 52332
228	nlsj2843 110639 98278 78607 67762 72275 42159 nlsj5001 100524 22523 112162 95432 115972 99331
-7	106502 63016 43206 48498 88426 37776 112943 29883 47917 115972 106502 66294 82881 48479 74735
100	22019 102000 115972 80181 2392
-420	nlsj48801 3485 115972 103012
-420	72610 37244 48479 115972 71620 106263 30866 58444
95	90504 42648 115972 109631 24567 nlsj2152 89960 28188 67192
170	48479 106263 115102 48479 71620 43206 106263 115972 115972 71620 28569 103298 98065 59660 106974 68641 115102 106974
-420	22209 43291 73277 106263 115972 20379 113556 106208 45996 83665 nlsj95041 29865 85306 83665 24666 40348
-250	116293 113545 105517 47007 70892 115972 26196 8665 50824 101822 31161 7361 32725 90504 75156 87537 81297 83774
95	91547 48479 4845 61855 nlsj32160 10015 91547 112720 115972 95190
-335	115972 103248 22209 62383 27393 74126 72627 nlsj7317 85263 75954 65428 22100 3727 nlsj5771 74127 40401 44632 nlsj2153 66288 115887 83834 76335 22209 nlsj105919 72610 87537 22209 nlsj105919 80326 63772 51849 nlsj69046 47735 30671
270	35360 48479 4474 115980 35360 106263 4474 71585 4470 62204 108536 48479 115972 71620 106263 22209
160	43056 25186 83718 45996 115972 113556
270	24847 48479 71620 71620 115972 106263 115972 20621 99804 31562 100583 67920 66294 36165 51241 100585 nlsj11407 39023 68791 26226 24847 102000 74752 24847
-10	43540 65469 42620 86112 81634 74126 97913 101383 82385 70911 5112 51366 83669 114553 104274 34050 110606 115972 65751 101851 52782 80956 67250
100	85665 70495 31555 67869 98707 15011 1952 nlsj51501 115972 110639 48427 110341 6726 48446 114587
108	48479 30790 115972
-420	115972 84422 75595 72099 70495 nlsj42558 71404 68996
95	39670 31161 110639 12409 115972 57586 42214
-420	2777 59660 116293 46892 66494 7637 57039 47695 115972 90410
400	115972 45996 110067 76910 34568 2181
-7	80239 52571 nlsj727 106502 115972 85306 82881 84295 71065 83231 30072 106206
-200	84534 25395 115972 74127 52187 100583 12912 57817 25395 1169 70105 23069 nlsj39496 110639 nlsj39496 8909
177	77949 83665 74719 48291 72627 23118 83231 61336 23004 63937 115972 48446 73277 27847 nlsj32160
-420	3485 1564 115972 86108 113560 85306 79748 nlsj71743
95	64866 115972 1872 82881 83774 28566 66574 18107 73064 64866 59655 82598
230	nlsj11136 57466 6616 62204 57460 104355 57460 nlsj4676 84365 31709 110639 nlsj76838 115972 nlsj76838 48479 43109 17142 56586 76910 43109 72202
100	74621 56586 22209 83825 111722 nlsj33192 nlsj33192 111728 100693 115972 80181
100	115972 108463 111737
-420	2068 8909 7048 13049 45072 47007 46782 116293 2777 nlsj71743 65552 66594 84234 48479 115972 78607
-430	92010 24506 92316 114093 48479 92316 115972 85306
230	115972 97892 103637 31562 91816 46892 62204
120	96981 92533 45432 48867 115972 21651 54032 7327 56153 91547 nlsj59172
95	89366 63772 72963 114548 40153 11004 84534 44158 115972
-335	101976 46767 nlsj14967 86117 75078 51867 46249 90504 112703 67762 nlsj4676 14568 68641 75078 48479 115972
100	51881 23528 33771 74735 85306 109777 15173 12210 67762 97394 115972
100	78332 260 4562 115972 70819 47735 115349 30098 19981 47735
270	114093 115972 85306 61855 91547
95	nlsj32160 2668 102841 64866 115972 22209
95	37776 106502 115972 nlsj95054
95	23726 108780 60232 104355 36305 94858 62205 115972 7647 47815 49938 16180 85306 102000 18331 49488 86767 90433 16986 105517 48498 65295 22209 1083 104655 46966 71118 17332 104429 93724 65757 74094 47897 58897 12965 84422 55714 85306 83774 28433 89736 113560 76335 87229
-270	50824 115972 76157 nlsj71743 nlsj32167 76703
230	2777 104690 18314 26466 69689 51701 89321 115972 nlsj6729 48946 50402 66561 110983 64866 36165 83033
-335	84250 62204 14399 21802 115972 34451 16112 1442
95	14189 70918 24292 22209 115937 2668 74631 48479 40006 70910 115972 48479 96577
270	91547 115980 115972 48479 84234
-420	52332 115972 68641 56991 90433 22209 18062
-420	30790 32007 51358 63928 48479 91547 85306 31119 45996 115212 26114 84234 26366 85306 110114 115972 4548
95	92893 106502 82761 74819 115972 112257 nlsj67620
100	67211 24261 113556 115972 1072 93492 48479 46804
95	2672 86518 19789 nlsj3134 nlsj10269 nlsj101125 76029 103922 28569 nlsj101125 1872 nlsj95054 115972 12485 nlsj3134 nlsj10269 106502
120	22389 83231 115972 67260 nlsj59172
-700	110639 22810 62183 2654 77141 86108 36871 106502 30642 85306 115972 38547 48479 38420
95	3591 85306 nlsj50333 48479 32657 91693 nlsj11198 89131 82888 115972 64866 47617 nlsj71743 nlsj95054 36399 112794
175	11109 31975 74571 90753 72202 102930 13657 115972 73064 95944 74767 1377 26259
176	17730 106502 115972 82758 8505
-420	83275 95970 72470 73064 324 115972 115925 95789 39550
230	48479 83756 24292 46249 115972 74185 44964 30790 2244
400	70897 55163 90433 62475 80557 56452 93616 2181 115972 112947 99507 80237 26671 83930 41191 53332 73437 59862 41187 67278 114176 96678 45996 53248 114052 96698 80152 55138 62633 68129
170	8909 74127 111722 nlsj33192 114731 20085 74127 nlsj9191 115972 106263 115102 83665 22019 115980 2055 64562 115972 106263 31161
-375	62204 75078 84363 34855 24289 34848 72627 104806 15682 34855 64866 24289 34848 1564 41498 28549 82190 91547 115972 nlsj80674 74735 75078 68641 34855 34848 24289 41498 34848 nlsj177 41498 41498 34856 67304 24289
100	115972 58319 47819 37120 96999 18699 48479 115972
170	111722 84234 112720 74752 51716 115972 106263 72627 47222 105550
237	46804 80997 15011 71037 53866 50073 45794 16290 87148 12035 115972 86083 nlsj8970 19788 31161 20674 48383
-375	47876 87413 24289 nlsj39949 104655 110639 15682 82190 91547 115972 91547 48482
165	4274 84494 97148 28592 30989 47007 84475 77699 52283 113556 115972 115212
-35	39280 8909 54345 82550 102000 115972 77038 71492 16820 nlsj32161 32686 30653 84534 97954 55544 98234
170	12252 nlsj4605 13113 nlsj6688 114672 115972 77882 70840 87148 48291 24342 84422
-420	83275 95970 72470 115972 52332 112599
93	108081 12948 22635 51826 106502 115972 73672 nlsj76838 23069 83840 37650 45996
95	19546 16052 15293 42840 47608 83622 95593 33710 2830 96666 53838 59295 31336 85306 101188 111032 58450 72627 nlsj5158 110639 18634 46176 80223 115972 19477 114558 81130 2739 6339 109009 110598 nlsj61373 48051 43206 42648 19789
100	105550 17228 115972 20885 94446
-375	48482 27737 88971 115972 39489 89910 115975 48479
100	46804 46646 81774 60034 71095 67278 50153 3485 115972 101747 67762 nlsj95366 74602 42686 5572 104274 67762 15345 61791 114615 94426 35421 14568
-335	63772 106502 107718 107838 110639 115972 42827 106263
228	113711 19485 nlsj99416 115972 2764
-420	90504 96588 85306 22209 106502 nlsj99416 17018 115972
-10	112351 115972 nlsj5771 86453 64866 72254 74126 37270 6174 95656 11746
100	115972 106263 71065
185	80610 109865 2031 115972 95607 110994 84234 63352
-35	20369 26886 15133 70958 nlsj33704 104355 72373 24762 115972
-420	39645 111722 115972 83729 53290 14377 2392
-420	3485 115972 108918
-7	115193 43598 115212 88732 74819 104639 115972 56001 74819 61087 66819 62990
-420	33751 115972 23284 24132 82121 72106 8164 84234 65803 91637 84234 95789 103275
-420	79983 nlsj42558 43291 106197 48479 112720 22209 115972 106263 71620 79983 76530 112720 30814
400	1058 184 85339 43243 112599 59206 72627 58249 37876 90433 17518 110484 55688 nlsj14855 62475 16986 62064 30794 92518 93601 115972 37805 19546 110598 84253 nlsj14855
-365	110662 62204 22209 22209 85306 28592 48479 115972 97779 4456 25055 97908 109358 nlsj9472 31599 nlsj96033 100673 62204
-7	115972 71094 48479
-420	115972 72627 114093 60253 96698 84422 57474
176	7949 31305 79000 115972 88971 34451 112320 nlsj667 73064 16986 110341 48429 91890
-420	73430 106502 41498 1564 70364 46892 52055 6339 18796 85654 114364 113556 76429 115972 48946 114093 76428 111735 20763
250	23292 61609 54155 18626 nlsj67620 12965 nlsj61122 50824 114096 66187 115972 19282
362	nlsj42906 8665 96768 83113 19789 65552 19546 41682 75326 64836 57936 42890 64483 46712 94097 42890 104538 63937 115972 102000 1872 71585 72168 13183 111490
-200	32964 31161 65565 33426 85306 52774 107315 86278 14143 22209 62204 115972
171	43977 89440 90504 88805 27847 115972
95	76530 48479 115972 48479 nlsj59172 85665 101713 61855 110114 95190 110243 26233 76530 9705 110262
100	23332 53025 95210 64037 74189 80471 55684 3485 115972 73277
95	84034 2665 115972 106502 22100 47617 72610 nlsj39048 22100 74735 1872 106502 46892 48482 7218 98434 98930 22209
95	78332 113556 24856 nlsj107632 22100 112472 10912 13039 60232 34814 1872 80394 48479 81130 31562 17381 48498 22102 113823 56227 84205 115972 112720 115972 nlsj95054 12275 19327 22100 28569 19682 94033
-200	100583 115972 45003 64619 45996 104166 46804 115193 75005
100	85306 115972 85306 34111 114615
160	nlsj3642 29750 73277 115972 66342 87468 44306 66388 51898 41798 56261
170	46646 62205 84534 15893 48479 115972 71620 106263 25840 nlsj2729 84234 24261 21872 110746 12409 102000 66594 4470 22209
-420	17595 20621 38547 18107 75595 114615 91411 36571 86402 34892 106502 115972
95	50451 27847 48429 8909 48429 88781 48482 115972 84534 56230 91627 43206 43206 66746 8909 6449 48482 42887 102000 89960 97990 82226 nlsj62560 102000 29883 76910 94645
170	115972 106263 48429 71585
171	110027 1097 85306 109757 47007 45675 22209 41258 115972 63928 63937 22968
95	65983 112720 73430 106502 114093 nlsj30855 72532 115972 22389 97502 17540 59722 110689
-430	31584 72273 104166 22209 39847 115972
95	33348 1872 83665 106263 67132 46802 115972 82887 64791
-700	74626 42522 70039 1899 75267 115586 nlsj3696 29773 45996 46195 50894 80557 nlsj96033 65552 75127 110598 103831 114816 90772 85595 106502 115972 82758 54358 46848 109918
100	96981 27548 111722 85306 80181 115972 33770 64866 83774 67537
78	80327 115972 33903 70603 56840 72254 30790 80357 57054 24206 nlsj1355 19546 105974 52048 84422 46612 nlsj56179
160	113556 83718 115972 46892 83665 18390 59238 104355
270	66294 76029 6330 37720 79223 28569 26447 36938 109194 31037 72627 nlsj26651 33241 91547 48482 114093 nlsj175 68641 115972 55595 nlsj71743 75552 45545 65091 87146 13028 109865 nlsj87251
228	91220 19546 29916 108802 59120 86429 110639 58929 52571 3700 88779 59885 69689 9014 114093 115972
100	106263 115972 106500 2764
270	85982 34694 70972 18912 110598 18912 48479 115972 79526 115972 16664 110639 103745 102000 112720 51241 28139 112070 24337 102016 22209 85306 nlsj82490 102000 22209 13630 73881 22100 nlsj39496 68641 104355 26226 22209 30022 90417 26226 26447 115972
170	41918 96089 763 27148 98038 83231 65685 20195 76678 60505 16052 51849 72268 45570 22997 60157 109394 35710 106502 115972 56991 116070 16125 114726 90433 45637 84234
95	106502 61791 15893 73672 nlsj3134 62204 46892 61855 74735 48479 11413 73435 27812 48479 115972 61855 65934 10581 98211 26447 76029 65934 115972 61855 48479
-35	70050 68641 85953 70550 109194 106974 17518 115972 22209 1872 80175
228	31161 78757 64427 85306 63772 42990 115972 78926 42890 115937 110639
100	113318 85306 115972 106502 106263 nlsj86473 110598 58319 34678 48479 55688 38547 56567 96146 32826 89405 25575 26227
-335	3915 48429 64866 7245 64866 nlsj32160 91439 7243 115972 99045 98684 102000 55905 98234 84034
-335	90305 105548 nlsj114757 14565 2670 17483 84234 110722 2777 48479 115972 90305 84234 17483 110722 104690 22032 90305 104690 22389 12227 nlsj32160 27271 21872 75552 6328 14568
95	49149 24190 34366 19870 82048 114090 95898 18107 19870 114816 33853 4845 63689 99449 116070 22997 19331 53653 66561 102433 25784 47513 31161 115972 19209
169	110639 54345 113224 60717 111805 110598 115972 2754 77699 42854 26447
230	48479 115972
-420	74631 22100 83058 64836 36390 106502 53477 67156 48479 48498 113556 115972 116293 nlsj61372 57039 36165 8909 93379 7352 106263 16944 115887 52332 85306
-408	115972 33903
-375	45927 34855 115972 48479 83139 22389 71620 106263
-420	38547 84034 48479 115972 nlsj71743 58429 8909 38547 115193 41705
95	115972 70105
-420	112559 114615 115972 102759 90504 114753
95	nlsj2729 110407 nlsj2461 98329 22209 86184 73277 85760 110341 26757 62204 9843 19546 3398 110341 106502 115972 76429 82758 28458 62528 6871 74165 113872 14048 387 96404 25007 115975 28403
200	nlsj2343 48479 115972 34366 2309 66342 1775 115818 21029 14023 65866 70561 115055 16598 83774 65565 110284 56804 85406 91547 70541 86342
-335	35708 41018 61265 35708 79763 72627 21920 109358 110243 73672 24340 15047 115972 48479 76512 61791 93789 24340 58429 61791 93789 51148 51148 18107 22523
-388	nlsj4709 43598 8665 22019 115972 47735 nlsj11663
270	56978 50236 35417 46425 74850 4474 98038 68174 105941 34957 110262 57224 105943 nlsj31061 77596 62204 76530 57466 115887 45996 108536 103745 76029 nlsj14967 52093 65934 nlsj33192 102000 22209 48479 115972 42648 nlsj107632 6184 73277 34855 22209
-375	48479 52571 115972
-7	16875 22100 21308 106218 48479 7771 26296 76910 66574 76486 51358 115972 106502 72627 63314 106502 104249 58957 nlsj32160
95	47917 11072 1872 115972 95190 100872 43206 11072 48479 59516
-7	73672 106263 76029 4570 22389 86028 110360 102100 72927 115972 48479
-420	101063 4670 48479 10923 6575 56991 37777 86108 115972 22209 70521 112720
270	nlsj177 31947 102000 34694 64866 47617 48479 115972 65091 104355
160	60131 61041 47876 61791 84234 103012 71065 85567 110722 92309 101019 nlsj97579 95973 106497 58320 109739 24792 75552 83700 115972 100693
95	17325 40006 95190 1872 48479 65628 13039 1872 115972
95	63928 114548 22958 115972 nlsj49596 69953 64866 106206
-420	104166 58319 106263 101018 27847 115972 80181 90305 85612 96286 72589 97413
-8	80140 115972 12108 45936 77768 90661 66173 25194 97507 84434 39955 6227
-7	103889 57345 nlsj86867 113586 114083 7120 115972 104355 88807 41335 112104 72627 67313 71094 46802
100	115193 115972 106263 74621 30866 76530 1192
78	106502 7637 10728 38547 36555 22209 115972 34855 81343 112720 61791 113556 7133 114141 33953 22209 89386
-7	63928 115972 90522 32007 79103 59953 25883 46892 4479 50649 56312
-430	82881 28556 24292 103221 82758 92316 115972 48479
-200	65469 78141 115972 113356 22281 78141 25206
-10	113356 44964 63772 nlsj4575 106286 16171 115972 64866 103922 nlsj7701
-7	11090 106974 101822 98584 nlsj6052 nlsj2617 45996 81501 28482 30022 71708 79223 108536 28482 104355 84552 91548 45996 4845 109887 115972 106502 91547 106502 41483 32294 84095 83665
228	nlsj9500 49761 4845 95432 63772 115972
220	nlsj76838 112720 8799 10015 110639 nlsj33192 65934 64936 91439 66131 83139 115972 47819 112720 42214 nlsj114757 16664 85953 49824 nlsj84339 nlsj3574 85756 51674 103701 nlsj76838 42214 102832 70598 69863 16400 nlsj69856 113560 112720 18298 1564 114753 47735 66294 74621 22209 22100 74621 75078 2324 112794 16664 116293 60646 nlsj114757 46804 110689 103942 1564 103942 79526 112720 3151 63772 nlsj76838 110659 4841 102832 49955 4274 110689 114753 72287 43309 55139 24340 1564 51241 69845 19719 47735 19719 8909 102905 113070 110659 42159 nlsj76838 nlsj76838 24388 nlsj114757 34694 16664 2324 116050 48530 65552 112720 73706 84552 nlsj76838 30866 115212 76274 102832 16864 84234 10793 57569 54636 46712 72357 nlsj68228 293 26447 82758 98955 nlsj98242 77169 73672 75306 95115 73706 46521 72627 62915 nlsj36741 59918 62816 20570 114075 298 nlsj76838 70531 30866 nlsj114757 1083
-335	73277 101445 75954 62204 22100 98584 59339 34855 59660 15893 25024 15281 71620 106263 48479 115972 19477 59516 nlsj39496 75005 82451 22100 47735 2324 46892 93634 73277 75954 25024 25031 28569 5273 43151 1872 22100 91547 106502 98584 59339 24388 25106 101560 41483 34855 112720 6325 73742 67615 102096
-335	105829 39482 103012 74797 34855 72627 48479 115972 71620 106263
270	108536 28569 101851 85306 48479 115972 79526 22209 84365 26233 63772 30860 112720 28569 66746 72627 63212 112720 20429 35417 47931 85306 79526
100	6398 67762 62528 115972 50246 74602 18537 38205
-395	71620 106263 115972 48479 83139 22389 74378 5036 56586 83836 83825 56657 63772
95	85982 84053 1872 102433 7011 84034 106267 57460 64866 7170 6449 21029 16598 84234 48479 1872 115972 65313 113556 46802 21029 nlsj71743 29865 110708 10944 59660 48482
95	113556 85953 115972 22209 47735
-200	20674 892 nlsj3305 53224 62204 66048 18650 63772 4845 115972 22209
-420	nlsj48837 85306 76910 3485 115972 23675 49938 92402 34111 85306 71314 40599
-420	82707 66574 62565 80175 115102 30866 30866 60034 15047 114753 65552 28566 46802 89366 48479 115972 79983
120	72627 nlsj10479 75306 82881 9093 115235 51701 92316 115972 106502 51701
-420	114548 86083 3897 45996 113556 48479 48498 115972
-420	85306 66494 47007 32426 55905 28566 3485 115972 nlsj111325 76017 45794
-420	105829 48479 97326 48479 83414 48479 14662 45996 85306 48479 28569 45996 107133 46571 26197 90305 48479 97326 48479 83414 4845 115972 97326 115972 83414
95	91627 56230 100495 4378 50451 115972 38879 38879 79103 22209 48479 102000
-335	34855 106974 23943 28588 66594 22209 112720 106974 72627 91547 48479 106197 28588 71037 nlsj33192 65934 22209 115972 48479 96089 110456 110456 96089 28588 22209 110456 19789 26114 1083 63772 67762 38472 19789 11433 67762 39299 61791 110243 102930 66574 77699 85306 39299 61791 1564 44243 nlsj14967 22209 39299 61791 15893 83756 37776 39299 61791 1564 22209 102930 34855 37405 12729 114753 37161
170	103922 1564 110114 2764 115972 12485
171	109757 27847 63937 90305 nlsj106862 106502 115972 nlsj106862 21429
171	98234 48051 nlsj75598 73492 93478 nlsj96033 463 48291 37567 20369 84034 39661 72627 115972 70531 33457 65934 91439 24084 54630 110027 15088 47007 nlsj75598
228	62633 22389 72522 73064 110598 72627 113556 48429 48498 115972
100	68641 72550 33903 46425 115972
400	69367 40154 nlsj72942 60992 86809 nlsj112700 85612 82881 115972 106502 90761
-200	22209 67014 115972 104678 116497 86112
-420	86399 114615 91411 36571 86402 48436 75595 106502 115972 34892
100	106263 62528 115972 759
120	66392 115972 106502 22036 64866 14568 72627 115972
400	45996 nlsj6026 74432 56450 92275 16530 42328 597 106502 nlsj857 50093 16686 101822 72273 nlsj3908 47681 91547 59710 7327 82758 48479 6261 93616 44534 27980 23538 76176 nlsj8658 23455 70743 4266 nlsj8441 94099 14925 74432 66820 42686 96454 nlsj8892 58771 nlsj2119 4117 85750 19631 72216 3630 85696 33770 28188 42840 107890 202 106502 48479 45996 115972 106502 14568 91547
171	17381 80557 90063 83231 115972 83231 98584
400	115972 21928 76889 16180 104055 72201 19125 30794 20303 61660 101248 90761 76912
400	110606 115972 nlsj12421 70894 26671 28000 2298 19760
228	115972 106502 22389 51701
175	5127 112989 71042 88971 59516 91634 39984 73064 108049 7182 43977 13662 16153 110606 17595 111895 115972 74735 34636 64703 72437 62204 49752 81774
228	nlsj9257 61299 51259 nlsj2460 19546 85953 26757 83945 62204 41330 115972 106502
270	48479 115972 nlsj99416 64791 106263 82887 65934 nlsj33192 75552 84365 102000
228	115972
-375	82881 113379 83537 nlsj727 64757 115972 106502 84150 102841
95	35708 8743 75539 10923 94857 nlsj42558 85876 2669 32068 62565 106263 86187 83763 93156 48482 25053 112720 115972 nlsj42558 6525
160	74631 48479 17478 65742 31945 115972 74631 65742 115972 17478
-388	24206 110639 46645 115972 19972 29171 46123 11305
400	115972 106502 27219 65240 83231
95	24342 92393 109526 85306 51662 115972 11881 57460 14339 102000
229	115972 106502 2061 83231 101538 64137
120	115972 17518 62204 73492 50236 nlsj105723 20621
228	nlsj9496 110639 3751 75572 65047 24129 84226 60737 1144 94045 113072 65934 53290 115972 111844
-430	10923 115212 84234 51564 54217 47695 42926 115972 106263 83057 48479 18077
95	85254 46036 86112 115972 17160 110606 923 23634 761 63300 116070
95	nlsj39496 19005 37726 1872 32657 22100 5273 51701 nlsj10429 97397 106502 52571 82758 22316 98183 115972 387 68641 74531 74165 96404
-700	115972 47695 80522 20369 83253 21401 75954 16497 1872 91813 102795 64593 42214
-335	115972 48479 22389 73277 2672 2665
-420	48479 115972 71620 106263 64137 8909 nlsj32160 75005 20213 48479 115972 115972 48479 71620 106263 106263 71620
-335	nlsj32160 61791 nlsj114757 112720 106263 48479 46123 nlsj58406 71620 115972 nlsj39949 110114
95	101456 6339 105517 105517 79676 25249 nlsj106503 66342 75079 46861 64514 62204 33426 22209 1564 20379 71094 99047 61791 48498 20885 115972 59660 35285 53015 65552 78352 45610 105524 93812
95	54165 19005 48482 115972 59708
400	52055 46848 74735 91734 30809 800 113546 50257 20178 29384 17518 47548 115972 nlsj14855 27728 106084 6339
400	70105 45996 84226 12242 18714 nlsj8752 23455 27846 115972 58911 nlsj112815 71282 nlsj32167 71976 11701
359	2777 21765 35360 45948 45996 nlsj56179 45948 64866 nlsj33192 65934 48479 115972
-335	24792 62204 44243 102736 66574 72627 48482 55684 71065 106205 75552 24917 8909 102736 66574 48479 115972 22209 106197 71037 105829 114753 83774 46646 112718 8986 77699 29150 51373 37405 46646 88464
-7	115972 66295 104355 75552 109918 74819 nlsj32160 47917
148	113556 46892 11807 nlsj61372 63764 45775 46892 115193 46892 14339 85724 112720 8238 79094 115972 19879 64866 22209
171	46804 49761 28592 25120 87543 27847 115972 63928 42842 43206 12948 62204 110639 nlsj1226
230	62204 28592 2764 21872 48479 115972
-420	74621 115865 nlsj39949 33752 42665 42890 30700 2254 109757 61128 48479 111032 60003 115972 84422 60316
95	62204 23762 116293 59660 81343 63772 nlsj6012 67132 28002 62204 31945 64866 115972 29619 33822 34849 nlsj2328 111334 31161 65757 6339 73742 115972
95	52571 115972 104538 90504 75653 45980 nlsj108051 62126 33486 83622 75910 96981 66624 90504 43056 102381 45996
228	107531 60705 32653 18412 77949 54826 nlsj4718 1989 48291 115972 110639 nlsj5754 45996 61734 73742
230	47916 37720 91547 101083 32510 1872 115972 66745 36165 nlsj39949
313	4548 115972 54003 80043 113388 51944 63772 79983 42214
95	22209 79526 4845 115972 30218 82223 50451 37726 1872 11723 103052 76486 8108
95	48479 3915 25055 93388 97908 91451 115972 2672 24340 115975 49875 15893 82881 48482
-355	1564 110639 48479 115972 64866 47617
95	115972 86083 nlsj32160 113019 33956 106502 22209 75858 97010 63212 115975 90303 3436 7724
100	106263 115972 19381 81774
100	71065 115972 112943
108	24261 3831 115972 11058
90	113556 18968 nlsj10163 35710 19156 24666 43663 nlsj1588 48498 nlsj3083 67313 74631 115972 1872 1564 18968 113556 48498 73672
95	91655 82550 115972 8108 17128 35109 1872 48479 110689 66594 112720 91547 10015 nlsj95054 1872 95190 115972 3289
95	1872 65624 13289 62528 115972 92316
100	115972 7243 65552 56261 91634 36892 97871
95	6339 115980 58789 66574 nlsj95054 115972 107349 115865 82996 82996 745 102992 63244 77574 115972 59708 nlsj43752 106263 32030 48479
100	100495 84205 115972 86083
228	47513 nlsj10449 98792 46249 85982 39984 nlsj32160 98114 90330 48479 106502 115972
-420	24084 49929 56991 73064 115972 3485 115972
95	37405 nlsj74479 96577 6439 28569 10015 96577 38487 84234 58454 nlsj20600 48479 18790 56723 115972 108780 65934 nlsj33192 19477 22389 17540 79526 58450 15281 115055 110734 110341 76358 90318 85306 110858 21872
170	nlsj32160 115972 59660 8909 115972 46858 2392 1083 112720
230	48479 nlsj95361 42827 3436 95811 31562 1587 115972 40925
165	3398 nlsj5041 65295 73277 41918 41858 78952 30989 67260 83756 106502 6905 115972 88498 26761 50702 74126 27737 83467 75306 54345 nlsj10323 927 15133 78926 90504 111895 31562 64914 nlsj56179 29883 53892 43000
-420	114753 nlsj39496 4845 48479 115972 35692 64151
-420	90166 48479 115972 71620 106263 13586 90063 52995 48479 90305
95	nlsj68228 2653 92010 12432 37885 47917 11058 37885 47917 17154 115972 70958
95	5127 115972 106502 47617 73277 22643
-420	74621 10015 84034 115972 66838 29241 48413 46892 7637 48413 84034 41705 71101 48427 84034 94711 116050 45996 84473
95	13038 76029 115972 48479 86429 37343 63772 76029 15893 112720 115975 46249
-401	43711 60245 70158 115972 48479 2392 83231 46195 46195 46195 nlsj5526 93478
176	14633 73064 95908 65552 106502 82881 115972
-335	62204 21920 26197 72627 8909 50824 64630 8909 21920 50824 30866 8909 8909 8909 64630 20843 43206 43206 104355 nlsj33345 48479 30809 64630 115972 20843 104355 72273 26197 73672 26226
230	9721 48479 115972
100	12348 67869 95206 114753 64703 102936 49875 98869 3074 76530 95227 22209 2764 106263 115972
-700	42288 58882 115972 2654 113163 72099
-420	84034 48427 84068 18334 72963 16171 15198 1564 84068 84034 115972 114093 60253 106502 85306
100	46858 116293 115972 41536 115193 113526 53496
95	1872 112720 46281 62204 102847 114548 115972 nlsj95054
95	43977 99859 15893 21872 98303 65552 110598 84365 100410 98707 71620 106263 115972 48479 96560 64836 102000 57460 76516 66574 73277 43206 43206 59660 14050 21872
-442	76703 112307 nlsj59172 23069 31709 72202 115972 77850 22209 23069 52332 100459 27980
175	112561 112237 24460 80043 115972 10979 74126 9139 8665 111542
-420	90504 106502 nlsj99416 115972 83774 29974
-420	71620 106263 48479 115972 46613 64137 nlsj89241 8909 51358 59794 112720 28566 59708 463 46249 18107
108	27731 101713 40925 115972 106502 32785 31161
95	7007 34725 nlsj9515 52571 66319 18107 nlsj8862 57264 61791 12371 86112 93711 110114 46712 31161 46648 113388 103975 33822 18195 65934 53290 113072 115972 111844 nlsj8862
170	nlsj60710 46646 33161 46892 100553 51723 64757 46712 44158 115972 63212
95	115972 82887 6339 115972 nlsj71743 82887 72627 22100 115972 112720 nlsj95054 115972 112720 nlsj95054 115972 22100
230	22209 112720 48479 115972 71620 106263 61791 66594
-355	102736 106263 45996 115972 100693 84234 14339
95	115972 19005 79983
120	38547 115972 52571 85953 26741 75552 104739 96160 nlsj1749
-355	48479 115972 61791 nlsj89132
95	nlsj56179 nlsj10837 29479 115972 112601 67778 48479 16169 101456 87918 112771
100	115972 114381 16207 111737 37405 52332 101019 64703 114753
120	104739 26296 115972
95	72610 45804 112367 86114 17034 71620 nlsj14967 62204 46648 77698 30790 102000 11197 2731 18937 86219 73742 90504 nlsj59172 7007 114548 76765 13579 90303 102463 70105 76910 nlsj39949 72627 103682 115972 93341 57460 112720 6517 16986 72254 46712 113328 11058 45996 115887 78757
-35	nlsj8337 nlsj11011 110639 48413 116293 106502 22100 115972 113556 34855 48479 43617 19005 112255 22209
359	71312 114553 23658 20621 8865 18298 28566 22825 62956 90679 nlsj58835 115972 73496
-335	7243 36274 nlsj114757 42648 90504 110243 67762 nlsj114757 72627 69060 66048 106263 85306 114753 nlsj17247 63013 48479 115972 67762 45996 28569 91439 46249 7243
170	24861 115212 51849 71065 115972 71620 110639
-420	65552 7243 85306 114753 79047 24342 115972 32701 96981 72927 53477 46646 22209
-411	42896 76806 115972 2749
95	nlsj95054 95190 112720 nlsj95054 115972
230	39865 48479 48498 22209 115972 113556 71620 29865 106263 110708
-335	13568 102000 11760 24847 76513 2670 72627 115055 115102 75539 115818 59516 48479 115972 nlsj99416 64791 1522
238	25120 11534 72610 3965 104838 50165 106502 115972 nlsj58406 8909 52572 19209
108	nlsj32160 45266 6345 12035 80531 22958 6339 116293 102515 56227 115925 115972 83231 72522 105829 12227 49761 77928 40984 31562 1093 79788 113560 31709 101775 97186 85306 18256 54810 42896 65152 70839
228	23762 15763 65552 59781 86083 56723 72550 72627 106502 115972
100	111722 13608 115972
230	106502 33956 115972 12641 88498
95	60290 28569 61336 40505 49705 27847 85306 3436 72610 48482 102847 110639 7561 97779 110341 8986 51674 12973 83231 64866 27847 10406 48479 100379 115972 115975 61336 4388 112720 28569 64866 83081 6616 83231
-374	44964 85306 93718 115972 20621 66288 16467 102386 110114
270	112720 90504 84034 62204 115972 22209 97010 115887 22209 62528 115972 22209 17154 85306 48479 22209 115887 45996 115980 110639 90504 112720 115887 101099 37720 22209
230	52571 1872 115972 2324 47735 106263 80181 2324
400	7805 12242 110006 116218 69999 115972 96602 51679 70158 nlsj32160 58298
-365	110598 74621 48479 115972 28592 110639 6184 110662 62204 6184 31607
95	40175 71083 36571 2764 3413 110985 nlsj7339 nlsj5678 27724 77928 97103 2800 31562 83231 106502 115972 48291 31161 20885 nlsj59172 65552 43591 12253 9182 15552 115969 63928 2853 98673 85306 26207 nlsj59172 nlsj61372 86184 41307 24668 13096
100	70364 79983 22132 114615 22209 37405 71376 32414 18912 72763 61420 16171 42106 23063 13683 115972 65975 19381 69753 94677 79495 71065 nlsj75598 78377 85306 22209
100	115972 91664 83206 42495 76765 105767 26313 30700 65983 82870 33348 70881 106263 27751 86187 43060 30700
238	104466 15763 62126 105803 116302 59339 112016 24917 46712 76368 78757 105176 28592 72522 40721 28592 106502 48479 59885 79526 115972
-420	59660 67253 48479 22209 115972 115972 48479
228	88319 106502 114706 113556 29865 48479 nlsj71743 48498 115972 87198 96999
-430	12866 47007 109862 115972 29677 46892 106502 22209 114142
100	40451 4778 70364 44809 nlsj31591 49938 36160 96999 68641 70520 64037 56586 86108 101032 58319 109486 85306 18732 8909 101747 3177 104429 114615 110655 55241 79223 115972 72522 85306 26447 3436 65615 70495 94365 116005 24594
95	104146 57474 62274 45996 74385 64836 44761 22209 30703 60535 100396 72153 20976 45996 115972 75555 28569 91451 101163 12637 106263 112320 105495 10944 35416 102000
-420	33751 114615 56991 75595 53805 115972 90305
170	73064 8665 1456 111490 49761 48479 115972 28360 7724 108103 76516 71620 106263
100	56247 52332 93812 71624 955 48436 95961 91547 115972 37720
-335	115972 110114
95	6174 99045 48479 115972 115972 48479 58445
95	84234 22100 115975 72020 2668 nlsj95054 112720 115972 39046
95	52055 19789 83174 27847 115972 102000
100	107976 76765 94426 114339 26473 114364 34107 26034 16153 13579 1517 115972 106502 60410 28592 104698 26447 58319 97438 41216 76988 96999 2361 34691
228	33059 98114 48479 25194 100494 62511 nlsj106706 1083 115972 100693
90	111895 13096 78607 115972 31161 50824 110689 62204
145	31562 nlsj2087 39482 nlsj6729 63937 nlsj61372 26156 85953 nlsj11198 16864 19082 89386 74378 70819 46712 48498 116293 115972 86948 71065 71037 27847 63928 12035
228	72627 27724 27724 48479 86083 115972 85306 73064 63772 84234 91976
-365	28592 43206 31161 106263 71620 48479 115972 100787 31875
100	115972 86108 45421 114726 3939 42495 nlsj16384 115623 113560 12112
170	96929 66594 115108 83150 7724 44397 15893 28349 84234 48479 115972 nlsj2729 103248 84365 96929 21872 114548 19789 66342 2764 6396
95	2764 48482 115975 115972 33477 nlsj85011 91890 109687
-335	66574 34855 72627 48479 115972
400	23455 96413 70158 38720 70105 57964 15706 61660 115972 42336 24007 48429 64058
100	41801 115972 80181 74602 nlsj77496
-150	36468 65747 54452 105964 28566 66854 63724 19891 54446 91547 115972 13315 1522 19870
95	nlsj561 85306 115972 56090 65552 65552 103922
-420	84494 84034 57039 48479 66838 113545 7637 46892 29241 113545 84034 100744 15198 84034 94711 nlsj105619 84494 106502 85306 109788 6339 67156 48498 48479 113556 115972
95	74735 68641 115972 55126 62824 74767 nlsj2729 51256 111908 88467 13657 nlsj4709 113328 39045 18412 73492 49659 26296 85306 49415
-420	49938 85306 48479 115972 1564 93789 45996 83866 106263
-335	85306 19346 30811 85953 12255 22209 115972 94695 67762 nlsj11768 72627 nlsj6183
228	48482 27737 88971 48479 39489 89910 115975 115972 83774 79804 85306 27724 85306 79526 73064 73064
230	107520 48479 115972 100693
200	nlsj2729 115972 77592 10345 56153 10933 81432
-420	47880 nlsj112815 13150 59803 115972 22209
-420	90166 59501 56991 104624 nlsj79694 85665 78400 108081 35360 3485 115972 27741 58319 97587 67762 26473 76017 nlsj70168 18801 15893
-420	48479 115972 71620 106263
95	397 32173 22825 62204 65097 83324 4083 15893 60383 48291 72202 42214 115972 nlsj177 46154
270	106601 66294 11970 79983 115972 48479 38732 nlsj56179 4509 74627
230	73277 102000 22209 69751 7218 109416 115972 51358 34107 95789 18602 75037 94741
-200	nlsj71743 115972 27847 107349 1522 37776
95	31562 6396 2731 24917 20195 69899 109631 88208 102000 458 46613 47007 57936 24666 78926 104538 2731 85306 47007 56393 51662 54826 49613 49761 48383 72522 2754 115972 106502 17154 458 85306 84234 110662 85665 111908 108780
175	17154 34855 62204 101711 70839 83081 63772 85760 48479 86112 62204 10090 45996 72202 93478 48479 29883 115972 nlsj65911 114753
-335	28566 85760 75552 46648 43309 60003 21802 66494 112162 115972
95	76079 115972 46154
-7	nlsj7297 75303 115972 115744 73988 106502 95724 85306
217	nlsj3574 104249 47796 65628 95661 112703 103052 42155 64866 24444 nlsj38717 30809 57466 106998 14568 74126 11206 33791 nlsj3574 115972 22061
-200	nlsj71743 107349 115972
-420	115089 93900 91548 80181 115972 110133 43272 15763 30436 nlsj61217 91627 45757 14588 74675 72550 65934 14588
-420	95970 37890 82451 61097 49938 115972 103012
-420	109757 3485 115972 1564
95	115887 46195 31161 112720 102000 100391 20795 102736 115972 91890 110639 11136 2672
-335	112720 106601 72627 104355 105829 106502 106263 22100 nlsj30729 1872 48479 45996 107315 48482 115972 115975 48479 103922 nlsj40132 64866 38214 67250 104355 37405 107349
95	61855 65552 12641 93718 2739 21810 62204 nlsj11071 46195 97541 105344 47998 115972 17154 4509 nlsj14967 98234 37885 24298 69060 7915 108780 29054 22810 12035 102117
-200	2853 115972 107697
-420	15080 114615 83718 33426 83231 111712 108409 47007 48479 115972
145	85306 101822 7712 19568 115972
100	64316 112720 24184 97871 104429 49938 16905 77613 102000 7245 115972 17128 85306 1422 71585 27728 74752 96981 96999
-270	nlsj7676 70768 80415 83408 55997 58019 34408 nlsj8441 nlsj9976 89732 nlsj10028 76703 76221 3630 42081 109757 114753 22825 57768 49930 79595 nlsj7231 35541 115972 31709 86083
-375	116293 35672 101445 66561 6174 59314 105829 42840 nlsj77146 62204 48479 115972 71620 106263 15281 59660 61791 102117 46804 110598 43863 106205 8909 nlsj114757 112769 1377
228	115972 11206 110639
-420	nlsj32160 115972 114548 74599 66173 74599
100	104070 93491 23118 74675 59908 67762 33956 50272 49938 95984 115972 90433 88781 25731 106263 91448 14685
228	nlsj8763 19546 26116 64598 47617 19549 110456 24570 115972 100965 43072 19546 37210 101416 67132 45794 22061 111483
95	91547 106263 44964 106502 115972 48479 116477 8909
228	115213 106502 69693 110114 115972 106502 nlsj89543 90410 47735
100	nlsj71743 76588 65552 115972 7243 83665 48479
230	115972 73517 17128 nlsj33345 73672 1872
350	2392 57088 49938 115972 65975
170	71042 115972 111722 31809 48479 71450 114339
-420	64914 64703 91634 22209 13700 51369 54217 115972 76028 104624
120	66494 71314 115980 102381 46028 115972 46646 115972 66392
-300	62204 94473 56518 37885 3398 40807 80140 75037 95432 115972 39028 50451 116070 96981 28566 nlsj63345 21810
160	81343 55276 54357 48479 115972 44306 66342 49828 104355 115193 64866 47617 48504 102381 110012 102387 78005
170	nlsj4709 55919 26921 45996 91547 109783 115972 52981 13039
-430	82545 22209 37863 115972 70840 45723 50824 33819
-7	84494 45996 73064 102392 100495 84434 83840 61291 61408 115972 106502 83231 30074 48383 71065
-335	77916 nlsj107632 26197 76029 66574 23943 34855 115972 48479 22209 66574 4470 21645 65934 nlsj33192 96089 110456 66594 24289 34855 23943 63772 28002 3182 77613 77698 25249 86112 57460 34855 22209 63772 25249 51800 86112 57460 4076 115471 22209 28002
230	22209 nlsj6072 33513 84248 115972
-420	15011 72209 3897 33751 84107 95787 83665 115972 85306 55595 51315 72106 64316
-420	30790 106197 113556 26366 102000 63937 115972 nlsj107632 75552 83756 84234 77574 79955 102000 31119 61791 42827 94706 64866 83756 48429 102000
230	51094 59339 110284 95221 48479 115972 71620 106263
-420	65552 102847 46613 48479 12227 8909 29883 2777 52456 68641 83139 48479 74378 48479 4572 48479 69292 76910 115972 28569 43206
-335	nlsj3134 nlsj61372 42830 110407 48479 91547 45996 83665 nlsj114757 36390 110606 107349 112720 48482 115972 106263 33809 104355 7595 34848 48479 106263 47617 1872
100	53477 115972 22209
160	67210 50952 113545 105517 51326 nlsj100099 44649 83718 45996 71620 115972
100	59516 90504 67022 58590 49629 74378 71065 3074 114615 77613 52995 53290 84064 90936 6339 7245 4493 48479 4493 115972
95	11556 46249 85306 23658 115972 61855 48479 4998 95190
176	75552 22100 26602 43309 116293 45996 48498 106502 83231 63937 8909 7853 113556 8985 110639 79526 106502 115972
228	86112 65552 112255 35267 115972 14705
400	35266 115972 11164 24007 48429 91878
-8	84494 108233 35910 22100 85306 84915 45996 74819 80230 107632 1872 51701 106205 8909 15133 33897 nlsj87251 72153 33770 19477 17128 29653 85953 115972 46028 9014 17518 106502 95721 37946 17379 83963 83231 59735
100	57087 71620 62257 89227 110141 71620 115972
-371	85982 63937 115972 5709
-420	56393 109194 59995 nlsj33192 3485 76910 115972
-409	44964 91489 102869 64375 62227 63783 58429 36376 67543 62816 35061 65072 104586 2392 46646 115972 63805 112052 62023 2244 74420 14990
-411	nlsj5458 2731 2731 84234 nlsj4415 52332 52332 84234 nlsj9451 115972 115972 84234
-335	65934 114339 112720 115972 49091 104355 115972 84234 68754 74631 106974 28569 82202
95	63212 112720 nlsj99416 60253 112720 115972 37726 30941 10630 41498 82887
-420	52035 115972 39045 64151 8909 102676 90504 79223 48479 17723 8909 20212 78765 nlsj32160
400	116193 15198 nlsj31962 90433 15204 21928 62390 53332 22257 23530 62103 22943 62816 113471 51191 45959 61660 115972 nlsj31868 71413 nlsj36741 1718 75263 23243 21765 61660 82756 nlsj12033 2324 1056 1789 42890 64866 46195 75263 3398
-355	72610 28002 31084 31607 22209 27847 nlsj12501 64152 nlsj59172 34587 nlsj59172 85982 73277 21920 16363 43206 87413 28143 21920 nlsj59172 64152 48479 115972 nlsj106862 16361 nlsj106862 16361 260 35710 35708 24289 260 112720
-335	115972 104355 106317 106263 nlsj114757 44772 22209 73277 nlsj114757 72961 6601 15198 104355 80306 22100 36390 47735 22209 33426 20843 18107 76486 17483
400	106300 79971 44405 16609 21578 71281 59098 115972 66187 24289 48479 3273
-7	nlsj9845 54452 85306 14603 65122 60375 84494 73974 106502 48427 66574 110639 115972 36165 112379 56004 78332 51376 1083 65122 7529 19346 28566 65122 8112 102930
-335	115972 112720 nlsj42558 111703 62528 51701 45538 105548 6574 115980 104355 71043 92305 84234 8909 20212 106205 22209 30866 75539 42214
108	nlsj3696 66173 12376 8909 1093 115972 102220
-420	74378 76118 nlsj67620 60156 98707 76028 115972 101456 63689 28 13890 24132 67278 nlsj99416 82345 53548
228	72202 111621 8665 15842 77699 115972 85907
95	24289 nlsj7604 22825 46804 33956 nlsj6185 42214 47931 25630 nlsj7604 65302 47895 46646 93491 nlsj58406 17381 32838 32007 92316 91816 113163 82887 115972 82550 62204 91547 64866 10825 99280
100	84064 73162 115972 1872 84206 35219 33174 33770 53290
-35	85953 114093 92316 73751 17518 6449 115972 1872 80175
95	65757 nlsj71743 115972 2672 nlsj99416 95000
-700	115972 24778 23530
-420	115972 95789 nlsj105792 65936 91637
78	111614 43056 115972 33903 11058 457 80461 31849
95	114083 115972 89960 90504 35322 97331 54178 31562 nlsj102715 83182 48436 4845 82226 55905 48479 4845 11723 60232 37726 1872 102000
-420	29916 nlsj48837 91634 74378 27724 85306 20120 23675 49929 73277 115972 115865 3485 115972 6539
170	63937 35360 72357 17381 38178 102736 115972 47528 48479 72275 110284 65552 85306 35267 47007
-355	76703 51241 34653 46858 24548 102117 68876 102515 3398 34855 67974 8195 88464 104690 58429 22346 115972 1851 nlsj105619 34855 110639
170	13579 nlsj96071 45996 892 62126 40006 59885 92316 115972 106502 5254 42827
-430	nlsj78513 nlsj71743 23799 47007 nlsj75598 4670 105760 114381 65552 58760 59238 58760 6780 66494 4670 106502 115972 22389 8909 72273 43056 42381 48770 90504 48603 23799 47007 nlsj75598 nlsj2286 45996 50093 nlsj9585 46195
-700	114093 22209 80151 115972 93100 nlsj86448 60253
95	98684 28588 nlsj16901 91547 106263 67132 22100 68641 1872 98684 112794 92799 63212 1872 115972 68383 99929 nlsj74271 91547 nlsj32279 102676 104421
-430	17518 13471 45996 22502 53477 48446 115201 37776 13471 17518 115972 110979 84068
200	nlsj2164 nlsj108476 100001 51100 28569 106263 71620 115972 48479 83139 22389 63845
170	41338 115193 116293 85306 90504 112720 115972 111735 114364 48479
95	114142 nlsj177 46154 115972 66173 34111 96981
100	49761 260 115972 85306 16207 56247
228	115972 nlsj99416 22057
-420	105344 29598 27741 16922 85306 20120 13579 78272 3485 80471 115972 109583 36160 108668 6174
-7	16986 82881 85306 14603 92275 110291 19082 nlsj177 31562 43977 84494 32657 115972 104639 92305 72153 80171 nlsj97751 60356 8909 nlsj48569
108	94760 42827 81767 30941 115972 39489
95	22825 42830 73672 63013 115972 90166 83665 21331 45996 85306 nlsj32160 4076 31161 11227 8909 97767 110456 nlsj107632 19972 76234 22209
228	115972 29883 18367
362	66507 110639 34855 48579 51148 18390 3591 72627 115055 71450 110117 48479 115972 114142 75552 36463 99045 nlsj33345 74602 110639 nlsj3134 15281 37588 77603 70039
230	35708 20429 77574 106502 114548 115972 94706 105829 83113 nlsj4784 110407 nlsj96033 49875 nlsj32160 48291 73672 73064 114619
95	nlsj2356 76765 72610 115972 76029 48479 13039 76512 58429 106601 39045 66594
176	82881 17730 106502 115972 28592 nlsj71743 16686 14633 96160 83537 112794
93	47964 23675 76332 96402 19544 81852 116293 30811 23069 63937 72287 115972 106502 nlsj61372 30866 26197 74126 47614 52774 23069
-270	70768 nlsj36741 33257 84226 nlsj2057 27085 22102 94803 24261 46036 74735 61013 115972 77850 74050 56586 116150 24012
-200	74126 115972 75078 115972 nlsj9501 115972 107315 72254 11174 72627 14582 104562 60705 14576 104538 60705 103922
270	57456 83665 26197 61791 103922 46646 66838 26031 18107 83665 75078 110117 30031 nlsj33192 64866 65934 76335 67501 115102 48479 115972 67308 66838 108660 30796 24340 102668 98038 nlsj33192 71450 75699 75699 73672 77613 43206 43206 nlsj87789 34855
95	92010 72627 37885 115972 112934 93718 53768
95	60705 87771 100524 nlsj56179 35541 78305 69052 5036 115972 72522 98894 92010 2731 31161 3128 100906 114653 116477 62204
228	102047 48429 48479 115980 115972
160	106487 29750 73277 115972 106317 66342 87468 51898 66388 44306 41798 84053
100	115972 1872 84205 34691 37720 67762
108	115972 83231 72522 105829
-420	63845 95258 68791 37776 75759 63772 2219 48479 19871 115972
-335	17478 2660 68754 110727 6330 100672 100672 37075 1872 31351 76910 31333 115972 37075 48479 18256 48479 35360 68754 nlsj71743 84064 34759 45996 85306 72627 17465 101249 34366 84064 78904 111764 27847 73277 84064 83825 2392
200	72153 34678 48479 115972 43977 90761 20945 84064 45656
-420	29865 115972 20379 106317 40309
-355	48479 110662 nlsj77146 nlsj68228 115972
176	58710 4683 13098 24044 65984 90410 4683 nlsj1435 85953 115972 51564
-335	110114 34848 32701 48479 31502 115972
-335	11004 6339 72610 93478 112720 42830 6325 3289 110114 63772 83756 2668 108660 28592 2764 28592 15893 76910 103922 48479 115972 72627 91547 22100 62204
95	115972
95	45766 79526 27847 48479 11411 115972 41483 93491
400	88051 2328 71089 80272 15378 67344 71072 23350 48479 45996 99063 37805 nlsj8275 115972 85696 83231 nlsj95984 106502
-335	73517 21872 45996 nlsj107632 nlsj42558 100693 106267 115972 102000 68754 14557 22100 22031 30866 18256
-430	105829 106502 59884 75052 22209 114142 761 83783 115972 66392 53477 22209 115972
100	113560 115972 48140 48479 74189 80471 7245 91411 71095 67278 57771
95	91627 28143 115972
-420	104795 91634 74378 26326 85306 nlsj70168 78326 3485 115972 18610
-375	115972 115972 62204 110639 25120
-370	28566 115972 21810 79526
228	26602 67136 85807 7852 26624 37720 79526 nlsj2729 42830 112703 86827 46249 49929 42827 48479 115972 106502 49929 76910 38188 33969
270	48479 68641 48429 115972 68641 115865 59516 84234 59516 88821 79223 19452 19477 65803 65934 nlsj33192 nlsj33192 84234
-7	24292 nlsj49341 59339 48551 nlsj71743 19096 37776 33819 20379 115972 70188 104355 41335 79526 67856 108626 25841 7209
-335	102000 115972 nlsj42558 45996 6933 68754
95	115972 85306 64866 47617 35360 63013 63013 73277 41257 8513 48479 106601 101711 47528 79983 34855 28569 43206 64866 43206 48479 115972 79526
171	43206 63928 95541 90122 113556 51241 24292 85734 82877 48479 48479 106502 114548 78691 85953 47007 45855 115972 106502 104421 25123 75552 15173 85724
95	115972 111618 48479 72153 74825 84053 70900 104355 23181 83290 112769 nlsj71743 82824 97231 33160
100	3630 71624 48436 46804 112720 48479 115972 18076 41801 104685
-420	nlsj71743 106502 86083 114684 74626 85306 53477 74631 67250 74631 115972 74631 48479 nlsj68228 89405 42830 52035
-700	43206 48498 88426 30962 112943 114093 115972 106502 60253
228	nlsj9496 3751 90433 65047 24129 84226 60737 1144 94045 113072 65934 53290 115972 111844 18519 17075 33694 114624 68940 19879 23011 49020 115972 112102 nlsj75598 48383
95	1872 59803 387 115972 92010 48429 106502
-420	90504 67250 45996 48479 115972
100	51369 49938 21651 96999 24289 94365 34111 101747 65552 45313 100964 13039 48446 3591 nlsj14055 108081 82707 24261 46966 105344 63937 104685 100524 11841 49938 16905 115972 80478 22209 8909 101747 13658 11637 260 44856 44964 112472
175	34354 45996 28360 17512 46646 115972
-10	32417 nlsj71743 28569 13890 3261 65751 79629 115972 9952 78607
-405	115972 29619
95	24292 nlsj68228 10947 71314 72627 29619 47688 nlsj27855 56723 73402 24226 101163 17142 31945 72153 65628 115193 42381 13039 102000 90753 47007 115972 47688 71314 3930 48413
95	94045 91547 64815 17381 115972 91451 99858 68754 101976 49244 25552 113498 75516 61791 83057 63772 101456 102386 84234 17141 46861 35105 17007 nlsj14967 64914
176	nlsj5802 106502 115972 79526 85953
170	90504 2777 27148 48479 62204 115972 71620 106263 24261 34982 110114 102000 115972 71620 114615 115102 12409
175	115972 21335 nlsj11198 83622 nlsj76838 nlsj11071 98213
95	47931 100001 48479 115972
175	82881 51373 nlsj11198 nlsj61372 115972 106502
100	32426 nlsj71743 102759 115972 64866 48498 116293
228	45794 76765 77699 115972 106502 88371 nlsj11286 26412 83231 48479 106502 45575 15842
170	46645 36165 63772 22209 15388 73496 110407 83665 81857 111490 22210 75552 102000 48479 115972 71620 106263 nlsj2729 42648 12409 48479 28349 nlsj114757 75552 48479 112720 77698 34759 83718 115972 77698 6601 113556 14816 3182 57039 112816 26943 70105
95	2764 115972 106502 47917 48479 24340 48482 2764 115975
170	45996 24523 37097 28349 15893 108702 23658 35417 68754 48479 115972 71620 106263 nlsj87789 59660 106974
230	115887 13772 2324 48479 115972 98405 115972 2324
100	3485 115972 74189 80471 22908
160	28592 110658 76516 71620 115972 76910 25053 110727 28592 83475 46195 18519 93634 259 76765 78297 44306 83718 45996 48479 106263 60131 14990 34855 112720 84250 324 115865 324 71624
100	94973 85306 nlsj48766 104698 26680 36229 34270 50236 70958 91391 74126 42366 26116 42887 24044 114548 105550 17807 112794 90305 115972 106502 47007 71314 84534 63937 696 46225 22209
230	26773 46892 3751 2324 115972 80181
100	85306 115972 1872 39493 106816 72357 7245 25709 7243 74921 95811 33770 1872 84205 13579 1872 27139 96981 65552 114553
228	72522 115980 115972 83231 nlsj10270 110639
365	75306 109918 19082 106601 52893 115972 106502 26186 15198
238	98038 2654 86083 115972 7899 47876 111486 89366
-420	79983 111722 115972 2392 48479
100	56247 45996 8909 27737 13579 64915 39489 115972 106502 26447 65761 74621 56247 71065 112276 70495 75352 114615
270	22209 61041 34598 110689 27176 78926 112720 34855 48479 115972 90305 30866 48479 8084 88467 5441 103745 nlsj45160 107349 33811 84234 105548 31537 67344 75555 89311 2392 61177 60824 115103 24289
-420	74621 115972 91439 67555 45996 nlsj44247
-420	3485 115972 78272 84034 65552 nlsj11897
-420	113556 48479 22209 48498 115972
-270	95255 22997 86108 72245 nlsj177 85306 106105 46852 nlsj75598 42827 72766 76910 56586 91377 113875 115972 22660 53248 67869 19282 35541 1564 30700 14395 50284
270	57466 92010 26233 102000 57466 86453 63772 2767 75005 102000 86453 63772 26233 12210 102000 67068 63772 75552 26447 84234 48479 115972
78	10933 65174 28592 8575 73064 nlsj33345 115972 17032 82881 17032 48479 31875 nlsj39496 84234 63928 46712 76722 71042 85306 nlsj71743 70520 3103
160	100379 nlsj71743 41257 110456 42622 16527 60131 115972 100774 64866 57466 100495 84234 92309 106263 76242 36570 49629 110381 96999
-420	74631 nlsj105792 33751 70364 45094 48498 66494 115972 85306 55644 38078 48446 84234
95	90504 18980 36345 85953 115972 45996 26156 4572 110360 106502 83231 43977 72106 33770 58319 27737 7738
145	nlsj80462 13098 64956 68876 84250 115201 115972 103701 61265 92373 42622 103922 29787 114615 48051 52571 103701 59794
95	101024 71314 112934 64866 75552 84034 115972 94815 28458 106267 104690 112794
-335	36390 80306 47617 64630 106263 12227 106317 106263 45409 115972 44772
100	115972
-420	56991 113560 86108 115972 52332 58319 83732 48427
100	101747 67762 98707 100495 91439 27764 49938 67278 77613 102000 96132 21651 41216 96999 34111 72522 20885 40960 106502 115972 45545 97435 2668 6721 75539 28569 102000 89407 49099
230	112720 260 52332 76083 260 52332 106974 114093 115972
-420	87626 95789 115972 33751
-335	74735 76118 6716 91547 nlsj3134 110639 nlsj10635 22825 98234 74735 37075 61868 110284 95221 74735 76335 13657 110114 95221 37075 nlsj10635 62204 56586 77603 13658 110284 93491 106263 115972 48479 71620 72627 27847 8844 91547 111844 110284 75777 110114 106974
170	nlsj114757 112769 64866 28360 48479 115972 47617 106263 14181 51373 45996 nlsj1226 98996
170	6184 87413 84365 57460 62205 68641 114731 115102 36658 57460 110639 48479 115972 22209 115972 48479 57460 62204 71620 106263 106263 71620 22209
176	106502 115972 60187 31709 82758
95	46802 76530 35109 115972 48479 76029 76029 76530 76530 14189 10015 96577 110746 48479 6609 110658 112720 28569
-420	115972 102000
95	13102 nlsj7902 9139 106080 4071 33822 111483 87413 25112 115972 90667 4392 715 37777 55544 4076 86276 48291 28002 98976
-10	73277 44964 63772 85734 nlsj15362 62528 42830 65751 115972 45996 51366 104274 nlsj59172 35105 113388 26817 112162
-442	48479 115972 53290 45996
95	115972 112255 106502 61791 387 51826 17381 112255 115374 106502 387 1872 59803 81694 114753 85306 115972 106502
95	72153 46802 114093 100621 106263 101711 115972 nlsj32160 57460
95	115972 95190 19477 96265 72273 97507 85306 5402 48482 67132 61836 33486 59516 10983 115937
-10	28999 10090 109757 22825 92373 103701 6946 65637 104341 73742 4076 61265 62204 55139 111490 86114 76586 83622 115972 12108 41622 31246 19871 52402 41620 84234 83081 37776 22209 37776 18331 62204 45996 104685 111490 65088 105344 21187 103701 103922 67014 62383 22825
100	115972 nlsj58406
-335	66494 75774 6339 106974 43206 nlsj33192 65934 6339 23943 48479 115972 66494 61265 106974 66494 6330 43206 106974 112720 106974 72627 91547 48479 103745 114093 nlsj33192 18452 6328 43206 106974 74627 105829 35165 91547 115972 114093 65934 6339 43206 106974 68641 112720 106974 18452 74627 105829
108	nlsj95042 115972 3511 100410 38942 102392 37200
100	115972 80155 47913 82888
228	nlsj5113 14208 7114 19916 68174 1851 115972 nlsj5454 56978 82190 62204 61771 nlsj31512 26757 38417 113388 66561
95	2577 26552 115972 106502
-270	106502 115972 96768 69771 62644 23358 nlsj61372 24132 63682 nlsj67466 105791 95115 104033
108	nlsj61372 13102 62204 30790 16266 27731 56227 45656 21010 115972 32785 31161
95	26886 37212 63772 115055 114093 112943 60253 4845 61855 22209 115972 76910 83266 48479 65983 95225
95	37776 96579 115972 84234 76530 26226 34848 nlsj59172 65552 116477 102000 115937 106974 20020 76910 69953 85665 19496 1564 110606 13039 48479 84534 30153 8775 65313 65295 74126 112320 105495 47614 48479 82887 69751 39045 59708 115972 26319 79094 4062 102000 nlsj59172 75555 73492 49659 52571
350	37776 48291 10793 103681 11724 nlsj11198 nlsj69855 115972 95850 42827 106502 60253 16945 69509 77613 nlsj69855 59710 97426 82758 2288 113560 103681 50501
100	115972 25160 57457 27847 83740 76765 49761 49817 99798 83741 57380 114339 32263 85665 83745 67762 91634 91634
160	29674 106974 68791 65934 nlsj100099 67762 12200 109635 109070 65914 59660 64866 45996 71620 115972
-270	35541 106502 115972 59589 28592
-420	85982 115972 52282 48479 90305 116470 34855
160	84068 8238 52571 58429 20352 115972 106974 91454
-445	21920 112794 76742 79223 115245 102652 56393 83253 83319 67762 84494 74571 50695 76268 115972 1873 27735 91547 48291 66294 53485 24012 91439 5627 24082
90	75774 54399 95489 43206 65628 65552 64866 43958 49875 42918 83834 17478 115972 115212 70955 113711 28458 33426 29171 42214 57192 22088 5132
95	85306 58853 115972 77596 81325 33161
170	31609 25709 12553 12612 66494 72357 110012 109918 110284 110089 115972 106502 45996 104698 58737 61697 63212 59295 31037 63212 nlsj33192 15842 42168 nlsj1299 16290
-405	48479 324 115972 112217
238	nlsj6434 110639 nlsj4998 2224 18334 114624 73742 46804 25120 19546 83756 24523 nlsj10202 nlsj2565 42129 22209 110639 21578 64598 61270 84238 115972 101024 24440 114624 1587
95	46151 48482 48482 55595 101456 115972
171	24292 114548 nlsj11663 37075 48479 106502 115972
-355	51148 6624 26186 62204 65552 33426 97906 25053 93388 48479 115972 22425 97329 75552 48434 28401 52571 1192 62633 65934 76513 22209 21920 nlsj41805 2764
228	113098 32619 62189 41335 45996 106502 115972 108341
-10	70958 8665 113356 106286 113864 115972 62204 1456 nlsj7318 27150 24444 114624 78297 37212 84534 63772 67501 49875 24444 1093 1522 nlsj4575 63738
238	19209 77911 96160 67352 66494 58737 35976 82877 31849 86028 115972 106502 31607 28433 3327 27469 33822 nlsj107632 36966 102000 92930 46858 41918 30989 43260 22209 116050 22958
80	86017 35983 67762 86001 115972 68641 74126 64521 62204 13096 68011
-375	43206 91547 48479 43206 114093 115972
176	63937 36165 106502 30030 115972 31493 47735 3173 70819
228	395 115972 76358 86083 48479 71620 112643 15763 71620
95	115972 28569 nlsj5274 90504 76029 48479 91547 79804 67220 22209 115972
-300	57157 62126 85306 45996 11325 115972
100	110598 71065 116293 113556 nlsj71743 24261 110708 29865 47617 115972 22209
145	38547 61265 63772 45996 110407 25129 27489 12227 72627 78272 36827 114753 104838 106209 77613 22425 1083 115972 458 nlsj61827 11610 8195 72627 113379 79526 24084
-423	nlsj68228 115972 24506 91991 nlsj11198 47515 63928
230	22100 97252 42267 66494 101445 61791 48479 82483 82996 115972
-375	91547 88971 115972 107167 13096 86083 104225 24289 115975 75555 91547 115972
-335	115972 82996 115102 5033 75538 18128 48479 57460 24388 18128 115865 82996
100	90504 115972 2654 1872 7245 93776 40462 57936 30703 93601 42262 93579 58478 96560 53477 31035 1952 74921 101851
95	76765 42659 nlsj36741 112769 57586 48291 51819 115972
95	16171 106267 22316 29883 61791 101445 46892 66574 1872 115972 16051
95	63928 48479 115972 114548 nlsj11198
-355	65295 93585 105495 92402 103922 115972 76530 28360 45996 74126
100	114615 53477 115980 115972 112720 62528 61128
270	30866 nlsj32160 106601 30866 nlsj32160 106601 48479 115972 108536 24388 106601 46804 110598 22209 84365 45996 63777
-420	16944 58319 115972 64836
95	72153 19005 22100 76486 31161 60253 115972 3436 72376 4872 14604 31945 2324 14632
95	52571 26921 110639 56227 27731 106502 115972 2754 72268 45996 86001 31351 31562 43977 72712 83231
-700	17518 85953 115972 84068 47695
-420	33057 56991 67762 45764 3485 115972 80471 85306 20120 58319 26680 76017 45794 91634 74378
95	nlsj1123 11072 84511 22502 31161 73767 6224 19841 61791 115972 60705 4778 40451 20141 57460 32653 11970 39125 105829 15173 nlsj32160 85420 31192 73767 26057 84494
170	46858 114364 48479 112720 111735 115972
-420	71314 40599 108081 67762 63772 62962 3485 77637 115972 6539 75982 65934 58367 67762 47007 18610 49929 115972 3485 80471
170	nlsj4121 64866 102432 77640 69292 104685 115055 115972 49938 nlsj727 97724 68296 30299 nlsj61372 45996 72610 18767 55917 79223 1093 463
228	56735 45182 45526 73090 115972 61791 45182
-300	23069 102230 31537 87576 nlsj80958 21902 104698 113060 76358 26447 115972 nlsj11663 6325 85893 47007
185	6324 76765 62962 nlsj3566 113388 5402 nlsj4677 115972 83622 73064 63772 110639 65966 45996 40830 52035 55622 102267 86458
-375	48479 115972 93835 61791 62204 104429 nlsj114757 101061
100	nlsj39949 66173 49938 115972 29330 30700 13016 51326 33417 26550
95	47030 67868 16169 113560 45996 115972 62204 110639 48479 38340 58790
-420	116273 47217 42890 74675 93684 56357 114381 45757 21429 45757 115972 42890 73672 86083 30680 90305
95	95190 nlsj95054 115972 nlsj95054
-10	37720 73064 nlsj2894 84494 4860 20795 52572 64517 63845 80140 112162 115972 6624 346 63772 90504 65552 112350 2234 46646 67762 11658 43206 77574 8986 45996 70600 64512 14568 55546 1083 63772 21810 84234 96106
160	15198 104355 115972 47030 72373 30319 48482 2764 46892 66518 83718 nlsj33345 10145
-430	nlsj11663 27438 47007 115972 27438 71314 49129 41295 69292 31161 63772
228	62183 14592 20674 11058 8713 24289 51373 106502 115972 110763 113098 89131 32619 24289 115972 106502