1461 documents , 1 concepts , 3705 context features (79983) 
kappaF 10.000000, kappaK 4.000000, a0 7.000000, b0 3.000000, K 10, max_docs_per_slice 2000, start -800, end 400, times 6, dT 200, I 100


map[]

===============  per type  ===============
0.06349985665102342   T=0,K=0:  11058 (0.019) ;  (0.017) ; 85306 (0.016) ; 52332 (0.013) ; 79983 (0.011) ; 22209 (0.011) ; 24292 (0.010) ; 6339 (0.009) ; 3398 (0.009) ; 4845 (0.008) ; 
0.10057927094256679   T=1,K=0:  11058 (0.017) ; 22209 (0.016) ;  (0.016) ; 24292 (0.014) ; 52332 (0.013) ; 85306 (0.011) ; 79983 (0.011) ; 6339 (0.010) ; 23726 (0.010) ; 2668 (0.009) ; 
0.10452403300686332   T=2,K=0:  52332 (0.018) ;  (0.014) ; 23726 (0.014) ; 85306 (0.011) ; 22209 (0.010) ; 24292 (0.009) ; 2668 (0.008) ; 79983 (0.008) ; 52571 (0.008) ; 68641 (0.008) ; 
0.12305368970101309   T=3,K=0:  23726 (0.015) ;  (0.013) ; 52332 (0.011) ; 79983 (0.010) ; 22209 (0.009) ; 11058 (0.009) ; 98234 (0.008) ; 68641 (0.008) ; 74735 (0.008) ; 24292 (0.008) ; 
0.08988808937727885   T=4,K=0:   (0.019) ; 24292 (0.010) ; 22209 (0.009) ; 43206 (0.008) ; 52332 (0.008) ; 23726 (0.008) ; 90504 (0.007) ; 74735 (0.007) ; 79983 (0.007) ; 102000 (0.007) ; 
0.09488527066085213   T=5,K=0:   (0.023) ; 52332 (0.015) ; 24292 (0.011) ; 102000 (0.011) ; 98234 (0.010) ; 22209 (0.010) ; 43206 (0.009) ; 90504 (0.009) ; 58541 (0.008) ; nlsj76838 (0.007) ; 
p(w|s) = sum_t P(w|t,s)  T=-1,K=0:   (0.017) ; 52332 (0.013) ; 22209 (0.011) ; 11058 (0.010) ; 24292 (0.010) ; 23726 (0.010) ; 85306 (0.009) ; 79983 (0.009) ; 6339 (0.007) ; 68641 (0.007) ; 

0.05493214388877196   T=0,K=1:  52332 (0.026) ; 79983 (0.018) ; 75552 (0.015) ; 22209 (0.010) ; 28566 (0.010) ; 45996 (0.010) ; 114706 (0.010) ; 47007 (0.009) ; 84234 (0.009) ; 36165 (0.009) ; 
0.11379914714753746   T=1,K=1:  52332 (0.032) ; 84234 (0.021) ; 79983 (0.018) ; 45996 (0.012) ; 22209 (0.011) ; 28566 (0.008) ; 36165 (0.008) ; 74602 (0.008) ;  (0.008) ; 75552 (0.008) ; 
0.10360040878515685   T=2,K=1:  84234 (0.023) ; 45996 (0.014) ; 22209 (0.012) ; 52332 (0.011) ; 79983 (0.011) ; 64866 (0.009) ; 36165 (0.008) ; 23726 (0.008) ; 104429 (0.008) ; 2654 (0.007) ; 
0.07426517870090024   T=3,K=1:  84234 (0.027) ; 79983 (0.015) ; 22209 (0.014) ; 52332 (0.011) ; 45996 (0.010) ;  (0.009) ; 64866 (0.008) ; 2764 (0.007) ; 36165 (0.007) ; 86219 (0.007) ; 
0.07196842168154571   T=4,K=1:  22209 (0.013) ; 84234 (0.013) ; 2764 (0.010) ; 52332 (0.010) ; 23726 (0.009) ;  (0.009) ; 31161 (0.009) ; 79983 (0.009) ; 64866 (0.009) ; 36165 (0.008) ; 
0.08628842214641574   T=5,K=1:  22209 (0.037) ; 84234 (0.015) ; 23726 (0.012) ; 79983 (0.012) ;  (0.011) ; 36165 (0.010) ; 45996 (0.010) ; 52332 (0.009) ; 84494 (0.008) ; 11583 (0.007) ; 
p(w|s) = sum_t P(w|t,s)  T=-1,K=1:  84234 (0.018) ; 52332 (0.016) ; 22209 (0.016) ; 79983 (0.014) ; 45996 (0.010) ; 36165 (0.008) ;  (0.008) ; 23726 (0.008) ; 75552 (0.008) ; 64866 (0.007) ; 

0.07729950891128029   T=0,K=2:  26886 (0.020) ; 52332 (0.020) ; 8665 (0.012) ; 22209 (0.012) ; 63772 (0.011) ; 24184 (0.010) ; 46646 (0.010) ; 116416 (0.009) ; 23726 (0.009) ; 62204 (0.008) ; 
0.06680998874990421   T=1,K=2:  8665 (0.015) ; 26886 (0.014) ; 52332 (0.013) ; 45996 (0.011) ; 22209 (0.011) ; 85306 (0.010) ; 116416 (0.009) ; 63772 (0.008) ; 28566 (0.008) ; 62204 (0.007) ; 
0.09778314396532761   T=2,K=2:  45996 (0.020) ; 52332 (0.019) ; 62204 (0.012) ; 23726 (0.011) ; 8665 (0.010) ; 22209 (0.010) ;  (0.010) ; 28566 (0.009) ; 26886 (0.008) ; 86112 (0.008) ; 
0.09373447568472192   T=3,K=2:  45996 (0.022) ; 22209 (0.018) ; 62204 (0.013) ; 52332 (0.012) ; 63772 (0.010) ; 23726 (0.010) ;  (0.009) ; 79983 (0.008) ; 8665 (0.008) ; 43206 (0.007) ; 
0.11952892115603658   T=4,K=2:  22209 (0.018) ; 45996 (0.017) ; 63772 (0.014) ; 85306 (0.010) ; 52332 (0.010) ; 23726 (0.010) ;  (0.010) ; 112720 (0.009) ; 79983 (0.009) ; 62204 (0.008) ; 
0.10102027706740829   T=5,K=2:  45996 (0.022) ; 22209 (0.021) ; 63772 (0.012) ; nlsj32160 (0.011) ; 85306 (0.009) ; 43206 (0.009) ; 57460 (0.008) ; 62204 (0.007) ;  (0.007) ; 72627 (0.007) ; 
p(w|s) = sum_t P(w|t,s)  T=-1,K=2:  45996 (0.017) ; 22209 (0.015) ; 52332 (0.013) ; 63772 (0.010) ; 8665 (0.009) ; 62204 (0.009) ; 23726 (0.009) ; 26886 (0.009) ; 85306 (0.008) ;  (0.007) ; 

0.07786918327475371   T=0,K=3:   (0.021) ; 62204 (0.017) ; 85306 (0.017) ; 98234 (0.014) ; 43206 (0.013) ; 52332 (0.012) ; 28566 (0.011) ; 79983 (0.010) ; nlsj32160 (0.010) ; 45996 (0.010) ; 
0.0840119510309746   T=1,K=3:   (0.024) ; 62204 (0.022) ; 72627 (0.014) ; 85306 (0.011) ; 84234 (0.010) ; 28566 (0.010) ; 63772 (0.010) ; 52332 (0.010) ; 22209 (0.009) ; 98234 (0.009) ; 
0.11044961982233782   T=2,K=3:   (0.021) ; 72627 (0.012) ; 84234 (0.012) ; 62204 (0.011) ; 85306 (0.011) ; 22209 (0.011) ; 63772 (0.009) ; 52332 (0.009) ; 74735 (0.008) ; 86112 (0.008) ; 
0.09087631492574846   T=3,K=3:   (0.020) ; 85306 (0.015) ; 84234 (0.014) ; 62204 (0.012) ; 22209 (0.012) ; 79983 (0.010) ; 116416 (0.009) ; 63772 (0.009) ; 72627 (0.008) ; 73672 (0.007) ; 
0.11091274058064382   T=4,K=3:  85306 (0.017) ; 84234 (0.013) ; 22209 (0.012) ; 72627 (0.012) ; 79983 (0.012) ;  (0.010) ; 62204 (0.010) ; 110639 (0.010) ; 48429 (0.008) ; 43309 (0.008) ; 
0.1160005882464049   T=5,K=3:  79983 (0.021) ; 48429 (0.018) ; 85306 (0.015) ; 22209 (0.014) ;  (0.013) ; 72627 (0.013) ; 62204 (0.011) ; 116416 (0.010) ; 84234 (0.009) ; 63772 (0.009) ; 
p(w|s) = sum_t P(w|t,s)  T=-1,K=3:   (0.018) ; 85306 (0.014) ; 62204 (0.014) ; 79983 (0.011) ; 72627 (0.011) ; 22209 (0.011) ; 84234 (0.011) ; 48429 (0.009) ; 63772 (0.009) ; 52332 (0.009) ; 

0.08715807281170648   T=0,K=4:  84234 (0.023) ; 85306 (0.014) ; nlsj65911 (0.013) ; 3903 (0.011) ; 110639 (0.011) ; 28360 (0.010) ; 22209 (0.010) ; 71308 (0.010) ; 4548 (0.010) ; 52332 (0.010) ; 
0.0741790297246569   T=1,K=4:  85306 (0.029) ; 84234 (0.018) ; 79983 (0.016) ; 43206 (0.015) ; 22209 (0.014) ; 28360 (0.011) ; nlsj65911 (0.011) ;  (0.010) ; 52332 (0.009) ; 90504 (0.009) ; 
0.089627986735226   T=2,K=4:  84234 (0.025) ; 85306 (0.019) ; 43206 (0.018) ; 79983 (0.016) ; 28360 (0.014) ; 22209 (0.012) ;  (0.011) ; 90504 (0.010) ; 52332 (0.009) ; 72627 (0.008) ; 
0.0831488623868942   T=3,K=4:  85306 (0.023) ; 84234 (0.018) ;  (0.017) ; 79983 (0.014) ; 90504 (0.011) ; 28360 (0.010) ; 52332 (0.009) ; 110639 (0.009) ; nlsj61372 (0.009) ; 43206 (0.009) ; 
0.09953722085146043   T=4,K=4:  85306 (0.023) ;  (0.016) ; 84234 (0.015) ; 79983 (0.014) ; 90504 (0.011) ; 52332 (0.009) ; nlsj61372 (0.008) ; 28360 (0.008) ; 102000 (0.008) ; 31161 (0.008) ; 
0.09626786254232528   T=5,K=4:  79983 (0.033) ; 84234 (0.019) ; 85306 (0.017) ;  (0.015) ; 52332 (0.011) ; 90504 (0.011) ; 22209 (0.008) ; 102000 (0.008) ; 28360 (0.008) ; 75552 (0.007) ; 
p(w|s) = sum_t P(w|t,s)  T=-1,K=4:  85306 (0.021) ; 84234 (0.020) ; 79983 (0.017) ;  (0.012) ; 90504 (0.010) ; 43206 (0.010) ; 28360 (0.010) ; 22209 (0.010) ; 52332 (0.010) ; nlsj65911 (0.007) ; 

0.13436364834390155   T=0,K=5:  22209 (0.016) ;  (0.012) ; 62204 (0.011) ; 65552 (0.010) ; 24292 (0.010) ; 52332 (0.009) ; 73672 (0.009) ; 115212 (0.008) ; 2749 (0.008) ; 75552 (0.007) ; 
0.12252786280578601   T=1,K=5:   (0.018) ; 22209 (0.017) ; 65552 (0.011) ; 75552 (0.010) ; 24292 (0.009) ; 62204 (0.009) ; 73672 (0.009) ; 52332 (0.009) ; 80327 (0.008) ; 71976 (0.008) ; 
0.11727733969511968   T=2,K=5:   (0.014) ; 52332 (0.013) ; 62204 (0.011) ; 24292 (0.010) ; 22209 (0.009) ; 65552 (0.008) ; 71976 (0.008) ; 73672 (0.008) ; 23726 (0.008) ; 1377 (0.007) ; 
0.1215261161457467   T=3,K=5:  23726 (0.013) ;  (0.012) ; 52332 (0.011) ; 22209 (0.010) ; 24292 (0.010) ; 73672 (0.008) ; 1377 (0.008) ; 85306 (0.007) ; 71976 (0.006) ; 62204 (0.006) ; 
0.10447985600747565   T=4,K=5:   (0.012) ; 86219 (0.009) ; 22209 (0.009) ; 52332 (0.009) ; 23726 (0.008) ; 104429 (0.008) ; 73672 (0.008) ; 85306 (0.008) ; 33819 (0.007) ; 31565 (0.007) ; 
0.06423630448008953   T=5,K=5:   (0.019) ; 86219 (0.013) ; 85306 (0.012) ; 104429 (0.010) ; 62204 (0.009) ; 31565 (0.009) ; 33819 (0.009) ; 79983 (0.007) ; 22209 (0.007) ; 24292 (0.007) ; 
p(w|s) = sum_t P(w|t,s)  T=-1,K=5:   (0.015) ; 22209 (0.012) ; 52332 (0.009) ; 24292 (0.009) ; 62204 (0.009) ; 65552 (0.008) ; 23726 (0.008) ; 73672 (0.008) ; 85306 (0.007) ; 86219 (0.007) ; 

0.14772261428265246   T=0,K=6:  43309 (0.039) ; 116416 (0.017) ; 84234 (0.017) ; 52332 (0.015) ; nlsj65911 (0.013) ; 22209 (0.012) ;  (0.011) ; 85306 (0.010) ; 73672 (0.009) ; 114753 (0.009) ; 
0.15957274991802955   T=1,K=6:  43309 (0.028) ; 84234 (0.017) ; 52332 (0.017) ; 116416 (0.013) ; nlsj65911 (0.012) ;  (0.012) ; 72627 (0.012) ; 27847 (0.011) ; 85306 (0.010) ; 22209 (0.009) ; 
0.08250481176978428   T=2,K=6:  84234 (0.020) ; 43309 (0.019) ; 116416 (0.012) ; 85306 (0.012) ; 63772 (0.011) ; 52332 (0.011) ; 22209 (0.011) ; 79983 (0.009) ;  (0.009) ; 73672 (0.009) ; 
0.0640027486971957   T=3,K=6:  43309 (0.015) ;  (0.015) ; 79983 (0.014) ; 45996 (0.012) ; 84234 (0.012) ; 63772 (0.011) ; 52332 (0.011) ; 22209 (0.010) ; 64866 (0.008) ; 116416 (0.008) ; 
0.11564222119808042   T=4,K=6:  84234 (0.020) ;  (0.014) ; 79983 (0.014) ; 45996 (0.013) ; 43309 (0.011) ; 52332 (0.010) ; 71308 (0.008) ; 63772 (0.008) ; 116416 (0.007) ; 48291 (0.007) ; 
0.13017151787296935   T=5,K=6:  84234 (0.037) ; 79983 (0.024) ; 45996 (0.017) ;  (0.012) ; 43309 (0.011) ; 92010 (0.010) ; 71308 (0.010) ; 52332 (0.009) ; 79223 (0.009) ; 62204 (0.009) ; 
p(w|s) = sum_t P(w|t,s)  T=-1,K=6:  43309 (0.021) ; 84234 (0.020) ;  (0.012) ; 79983 (0.012) ; 52332 (0.012) ; 45996 (0.011) ; 116416 (0.011) ; 22209 (0.009) ; nlsj65911 (0.009) ; 63772 (0.008) ; 

0.2305077062411253   T=0,K=7:  85306 (0.020) ; 76530 (0.013) ; 75552 (0.012) ; 23726 (0.011) ; 84234 (0.010) ; 116416 (0.009) ; 102000 (0.009) ; 6339 (0.009) ; 45996 (0.009) ; 64914 (0.009) ; 
0.16723712854906203   T=1,K=7:  84234 (0.020) ; 85306 (0.018) ; 102000 (0.014) ; 23726 (0.013) ; 75552 (0.013) ; 76530 (0.009) ; 52035 (0.009) ; 45996 (0.008) ; 20621 (0.007) ; 31161 (0.007) ; 
0.08163872509087447   T=2,K=7:  84234 (0.018) ; 85306 (0.018) ; 75552 (0.014) ; 23726 (0.014) ; 45996 (0.013) ; 52035 (0.009) ; 22209 (0.009) ; 102000 (0.008) ; 76530 (0.007) ; 11072 (0.007) ; 
0.10415455070598494   T=3,K=7:  85306 (0.021) ; 75552 (0.015) ; 45996 (0.015) ; 84234 (0.012) ; 22209 (0.011) ; 64914 (0.010) ; 76530 (0.008) ; 23726 (0.008) ; 31161 (0.008) ; 48291 (0.007) ; 
0.10547051629607308   T=4,K=7:  84234 (0.014) ; 85306 (0.013) ; 22209 (0.013) ; 45996 (0.012) ; 75552 (0.010) ; 23726 (0.009) ; 31161 (0.009) ; 116416 (0.008) ; 48291 (0.007) ; nlsj56179 (0.007) ; 
0.0640097645824755   T=5,K=7:  22209 (0.014) ; 45996 (0.013) ; 85306 (0.013) ; 106566 (0.010) ; 75552 (0.009) ; 76530 (0.009) ; 12973 (0.008) ; 79983 (0.008) ; 70958 (0.008) ; 84234 (0.008) ; 
p(w|s) = sum_t P(w|t,s)  T=-1,K=7:  85306 (0.017) ; 84234 (0.014) ; 75552 (0.012) ; 45996 (0.012) ; 23726 (0.010) ; 22209 (0.010) ; 76530 (0.008) ; 102000 (0.008) ; 31161 (0.007) ; 64914 (0.007) ; 

0.04601049467662611   T=0,K=8:  43309 (0.019) ; 84234 (0.014) ;  (0.013) ; 22209 (0.011) ; 52332 (0.011) ; 66838 (0.010) ; 45996 (0.010) ; 23726 (0.010) ; 110364 (0.010) ; nlsj76838 (0.010) ; 
0.028570948038301288   T=1,K=8:  23726 (0.020) ; 43309 (0.019) ;  (0.014) ; 84234 (0.014) ; nlsj76838 (0.011) ; 110364 (0.009) ; 22209 (0.009) ; 45996 (0.008) ; 89366 (0.008) ; 52332 (0.008) ; 
0.10723394654045862   T=2,K=8:  23726 (0.013) ;  (0.013) ; 84234 (0.012) ; 43309 (0.011) ; 52332 (0.010) ; 85306 (0.009) ; 62204 (0.008) ; 22209 (0.007) ; 11583 (0.007) ; 73672 (0.007) ; 
0.17530419962166155   T=3,K=8:  23726 (0.015) ;  (0.010) ; 85306 (0.010) ; 22209 (0.009) ; 84234 (0.009) ; 43309 (0.008) ; 15893 (0.008) ; 45996 (0.008) ; 114624 (0.008) ; 28360 (0.007) ; 
0.11260428909183408   T=4,K=8:  84234 (0.015) ; 23726 (0.013) ; 45996 (0.011) ;  (0.009) ; 48291 (0.009) ; 22209 (0.008) ; 84494 (0.008) ; 79983 (0.008) ; 85306 (0.008) ; 66838 (0.008) ; 
0.1024491577435237   T=5,K=8:  84234 (0.023) ; 79983 (0.020) ; 23726 (0.014) ; 45996 (0.011) ; 66838 (0.010) ; 28360 (0.009) ; 84494 (0.008) ; 48291 (0.008) ; 67762 (0.008) ; 22209 (0.008) ; 
p(w|s) = sum_t P(w|t,s)  T=-1,K=8:  84234 (0.014) ; 23726 (0.014) ; 43309 (0.012) ;  (0.011) ; 45996 (0.009) ; 22209 (0.009) ; 79983 (0.008) ; 52332 (0.008) ; 66838 (0.008) ; 85306 (0.007) ; 

0.08063677091815867   T=0,K=9:  85306 (0.024) ; 65552 (0.015) ; 79983 (0.012) ; 52332 (0.011) ;  (0.011) ; 72610 (0.010) ; 112559 (0.010) ; 23726 (0.009) ; 60003 (0.008) ; 11583 (0.008) ; 
0.0827119230931811   T=1,K=9:  85306 (0.026) ; 79983 (0.018) ; 72610 (0.015) ;  (0.012) ; 52332 (0.012) ; 65552 (0.012) ; 23726 (0.010) ; 22209 (0.009) ; 60003 (0.008) ; 31161 (0.007) ; 
0.10535998458885147   T=2,K=9:  85306 (0.022) ; 52332 (0.020) ;  (0.016) ; 22209 (0.013) ; 79983 (0.012) ; 65552 (0.011) ; 72610 (0.011) ; 23726 (0.009) ; 84234 (0.008) ; 260 (0.008) ; 
0.06993386343013318   T=3,K=9:  52332 (0.037) ; 85306 (0.019) ;  (0.017) ; 79983 (0.015) ; 23726 (0.011) ; 65552 (0.011) ; 22209 (0.010) ; 72610 (0.008) ; 11583 (0.008) ; 260 (0.008) ; 
0.0699677237595715   T=4,K=9:  52332 (0.031) ; 85306 (0.014) ;  (0.013) ; 22209 (0.011) ; 79983 (0.010) ; 27847 (0.008) ; 45996 (0.008) ; 84234 (0.007) ; 65552 (0.007) ; 23726 (0.007) ; 
0.14467083465753552   T=5,K=9:   (0.016) ; 22209 (0.014) ; 52332 (0.014) ; 85306 (0.011) ; 75552 (0.010) ; 72627 (0.009) ; 45996 (0.008) ; 65552 (0.008) ; 28569 (0.007) ; 66838 (0.007) ; 
p(w|s) = sum_t P(w|t,s)  T=-1,K=9:  52332 (0.021) ; 85306 (0.019) ;  (0.014) ; 79983 (0.012) ; 22209 (0.011) ; 65552 (0.011) ; 72610 (0.009) ; 23726 (0.009) ; 11583 (0.007) ; 84234 (0.006) ; 

===============  per time  ===============
Time=0  
0.06349985665102342   T=0,K=0:  11058 (0.019) ;  (0.017) ; 85306 (0.016) ; 52332 (0.013) ; 79983 (0.011) ; 22209 (0.011) ; 24292 (0.010) ; 6339 (0.009) ; 3398 (0.009) ; 4845 (0.008) ; 
0.05493214388877196   T=0,K=1:  52332 (0.026) ; 79983 (0.018) ; 75552 (0.015) ; 22209 (0.010) ; 28566 (0.010) ; 45996 (0.010) ; 114706 (0.010) ; 47007 (0.009) ; 84234 (0.009) ; 36165 (0.009) ; 
0.07729950891128029   T=0,K=2:  26886 (0.020) ; 52332 (0.020) ; 8665 (0.012) ; 22209 (0.012) ; 63772 (0.011) ; 24184 (0.010) ; 46646 (0.010) ; 116416 (0.009) ; 23726 (0.009) ; 62204 (0.008) ; 
0.07786918327475371   T=0,K=3:   (0.021) ; 62204 (0.017) ; 85306 (0.017) ; 98234 (0.014) ; 43206 (0.013) ; 52332 (0.012) ; 28566 (0.011) ; 79983 (0.010) ; nlsj32160 (0.010) ; 45996 (0.010) ; 
0.08715807281170648   T=0,K=4:  84234 (0.023) ; 85306 (0.014) ; nlsj65911 (0.013) ; 3903 (0.011) ; 110639 (0.011) ; 28360 (0.010) ; 22209 (0.010) ; 71308 (0.010) ; 4548 (0.010) ; 52332 (0.010) ; 
0.13436364834390155   T=0,K=5:  22209 (0.016) ;  (0.012) ; 62204 (0.011) ; 65552 (0.010) ; 24292 (0.010) ; 52332 (0.009) ; 73672 (0.009) ; 115212 (0.008) ; 2749 (0.008) ; 75552 (0.007) ; 
0.14772261428265246   T=0,K=6:  43309 (0.039) ; 116416 (0.017) ; 84234 (0.017) ; 52332 (0.015) ; nlsj65911 (0.013) ; 22209 (0.012) ;  (0.011) ; 85306 (0.010) ; 73672 (0.009) ; 114753 (0.009) ; 
0.2305077062411253   T=0,K=7:  85306 (0.020) ; 76530 (0.013) ; 75552 (0.012) ; 23726 (0.011) ; 84234 (0.010) ; 116416 (0.009) ; 102000 (0.009) ; 6339 (0.009) ; 45996 (0.009) ; 64914 (0.009) ; 
0.04601049467662611   T=0,K=8:  43309 (0.019) ; 84234 (0.014) ;  (0.013) ; 22209 (0.011) ; 52332 (0.011) ; 66838 (0.010) ; 45996 (0.010) ; 23726 (0.010) ; 110364 (0.010) ; nlsj76838 (0.010) ; 
0.08063677091815867   T=0,K=9:  85306 (0.024) ; 65552 (0.015) ; 79983 (0.012) ; 52332 (0.011) ;  (0.011) ; 72610 (0.010) ; 112559 (0.010) ; 23726 (0.009) ; 60003 (0.008) ; 11583 (0.008) ; 

Time=1  
0.10057927094256679   T=1,K=0:  11058 (0.017) ; 22209 (0.016) ;  (0.016) ; 24292 (0.014) ; 52332 (0.013) ; 85306 (0.011) ; 79983 (0.011) ; 6339 (0.010) ; 23726 (0.010) ; 2668 (0.009) ; 
0.11379914714753746   T=1,K=1:  52332 (0.032) ; 84234 (0.021) ; 79983 (0.018) ; 45996 (0.012) ; 22209 (0.011) ; 28566 (0.008) ; 36165 (0.008) ; 74602 (0.008) ;  (0.008) ; 75552 (0.008) ; 
0.06680998874990421   T=1,K=2:  8665 (0.015) ; 26886 (0.014) ; 52332 (0.013) ; 45996 (0.011) ; 22209 (0.011) ; 85306 (0.010) ; 116416 (0.009) ; 63772 (0.008) ; 28566 (0.008) ; 62204 (0.007) ; 
0.0840119510309746   T=1,K=3:   (0.024) ; 62204 (0.022) ; 72627 (0.014) ; 85306 (0.011) ; 84234 (0.010) ; 28566 (0.010) ; 63772 (0.010) ; 52332 (0.010) ; 22209 (0.009) ; 98234 (0.009) ; 
0.0741790297246569   T=1,K=4:  85306 (0.029) ; 84234 (0.018) ; 79983 (0.016) ; 43206 (0.015) ; 22209 (0.014) ; 28360 (0.011) ; nlsj65911 (0.011) ;  (0.010) ; 52332 (0.009) ; 90504 (0.009) ; 
0.12252786280578601   T=1,K=5:   (0.018) ; 22209 (0.017) ; 65552 (0.011) ; 75552 (0.010) ; 24292 (0.009) ; 62204 (0.009) ; 73672 (0.009) ; 52332 (0.009) ; 80327 (0.008) ; 71976 (0.008) ; 
0.15957274991802955   T=1,K=6:  43309 (0.028) ; 84234 (0.017) ; 52332 (0.017) ; 116416 (0.013) ; nlsj65911 (0.012) ;  (0.012) ; 72627 (0.012) ; 27847 (0.011) ; 85306 (0.010) ; 22209 (0.009) ; 
0.16723712854906203   T=1,K=7:  84234 (0.020) ; 85306 (0.018) ; 102000 (0.014) ; 23726 (0.013) ; 75552 (0.013) ; 76530 (0.009) ; 52035 (0.009) ; 45996 (0.008) ; 20621 (0.007) ; 31161 (0.007) ; 
0.028570948038301288   T=1,K=8:  23726 (0.020) ; 43309 (0.019) ;  (0.014) ; 84234 (0.014) ; nlsj76838 (0.011) ; 110364 (0.009) ; 22209 (0.009) ; 45996 (0.008) ; 89366 (0.008) ; 52332 (0.008) ; 
0.0827119230931811   T=1,K=9:  85306 (0.026) ; 79983 (0.018) ; 72610 (0.015) ;  (0.012) ; 52332 (0.012) ; 65552 (0.012) ; 23726 (0.010) ; 22209 (0.009) ; 60003 (0.008) ; 31161 (0.007) ; 

Time=2  
0.10452403300686332   T=2,K=0:  52332 (0.018) ;  (0.014) ; 23726 (0.014) ; 85306 (0.011) ; 22209 (0.010) ; 24292 (0.009) ; 2668 (0.008) ; 79983 (0.008) ; 52571 (0.008) ; 68641 (0.008) ; 
0.10360040878515685   T=2,K=1:  84234 (0.023) ; 45996 (0.014) ; 22209 (0.012) ; 52332 (0.011) ; 79983 (0.011) ; 64866 (0.009) ; 36165 (0.008) ; 23726 (0.008) ; 104429 (0.008) ; 2654 (0.007) ; 
0.09778314396532761   T=2,K=2:  45996 (0.020) ; 52332 (0.019) ; 62204 (0.012) ; 23726 (0.011) ; 8665 (0.010) ; 22209 (0.010) ;  (0.010) ; 28566 (0.009) ; 26886 (0.008) ; 86112 (0.008) ; 
0.11044961982233782   T=2,K=3:   (0.021) ; 72627 (0.012) ; 84234 (0.012) ; 62204 (0.011) ; 85306 (0.011) ; 22209 (0.011) ; 63772 (0.009) ; 52332 (0.009) ; 74735 (0.008) ; 86112 (0.008) ; 
0.089627986735226   T=2,K=4:  84234 (0.025) ; 85306 (0.019) ; 43206 (0.018) ; 79983 (0.016) ; 28360 (0.014) ; 22209 (0.012) ;  (0.011) ; 90504 (0.010) ; 52332 (0.009) ; 72627 (0.008) ; 
0.11727733969511968   T=2,K=5:   (0.014) ; 52332 (0.013) ; 62204 (0.011) ; 24292 (0.010) ; 22209 (0.009) ; 65552 (0.008) ; 71976 (0.008) ; 73672 (0.008) ; 23726 (0.008) ; 1377 (0.007) ; 
0.08250481176978428   T=2,K=6:  84234 (0.020) ; 43309 (0.019) ; 116416 (0.012) ; 85306 (0.012) ; 63772 (0.011) ; 52332 (0.011) ; 22209 (0.011) ; 79983 (0.009) ;  (0.009) ; 73672 (0.009) ; 
0.08163872509087447   T=2,K=7:  84234 (0.018) ; 85306 (0.018) ; 75552 (0.014) ; 23726 (0.014) ; 45996 (0.013) ; 52035 (0.009) ; 22209 (0.009) ; 102000 (0.008) ; 76530 (0.007) ; 11072 (0.007) ; 
0.10723394654045862   T=2,K=8:  23726 (0.013) ;  (0.013) ; 84234 (0.012) ; 43309 (0.011) ; 52332 (0.010) ; 85306 (0.009) ; 62204 (0.008) ; 22209 (0.007) ; 11583 (0.007) ; 73672 (0.007) ; 
0.10535998458885147   T=2,K=9:  85306 (0.022) ; 52332 (0.020) ;  (0.016) ; 22209 (0.013) ; 79983 (0.012) ; 65552 (0.011) ; 72610 (0.011) ; 23726 (0.009) ; 84234 (0.008) ; 260 (0.008) ; 

Time=3  
0.12305368970101309   T=3,K=0:  23726 (0.015) ;  (0.013) ; 52332 (0.011) ; 79983 (0.010) ; 22209 (0.009) ; 11058 (0.009) ; 98234 (0.008) ; 68641 (0.008) ; 74735 (0.008) ; 24292 (0.008) ; 
0.07426517870090024   T=3,K=1:  84234 (0.027) ; 79983 (0.015) ; 22209 (0.014) ; 52332 (0.011) ; 45996 (0.010) ;  (0.009) ; 64866 (0.008) ; 2764 (0.007) ; 36165 (0.007) ; 86219 (0.007) ; 
0.09373447568472192   T=3,K=2:  45996 (0.022) ; 22209 (0.018) ; 62204 (0.013) ; 52332 (0.012) ; 63772 (0.010) ; 23726 (0.010) ;  (0.009) ; 79983 (0.008) ; 8665 (0.008) ; 43206 (0.007) ; 
0.09087631492574846   T=3,K=3:   (0.020) ; 85306 (0.015) ; 84234 (0.014) ; 62204 (0.012) ; 22209 (0.012) ; 79983 (0.010) ; 116416 (0.009) ; 63772 (0.009) ; 72627 (0.008) ; 73672 (0.007) ; 
0.0831488623868942   T=3,K=4:  85306 (0.023) ; 84234 (0.018) ;  (0.017) ; 79983 (0.014) ; 90504 (0.011) ; 28360 (0.010) ; 52332 (0.009) ; 110639 (0.009) ; nlsj61372 (0.009) ; 43206 (0.009) ; 
0.1215261161457467   T=3,K=5:  23726 (0.013) ;  (0.012) ; 52332 (0.011) ; 22209 (0.010) ; 24292 (0.010) ; 73672 (0.008) ; 1377 (0.008) ; 85306 (0.007) ; 71976 (0.006) ; 62204 (0.006) ; 
0.0640027486971957   T=3,K=6:  43309 (0.015) ;  (0.015) ; 79983 (0.014) ; 45996 (0.012) ; 84234 (0.012) ; 63772 (0.011) ; 52332 (0.011) ; 22209 (0.010) ; 64866 (0.008) ; 116416 (0.008) ; 
0.10415455070598494   T=3,K=7:  85306 (0.021) ; 75552 (0.015) ; 45996 (0.015) ; 84234 (0.012) ; 22209 (0.011) ; 64914 (0.010) ; 76530 (0.008) ; 23726 (0.008) ; 31161 (0.008) ; 48291 (0.007) ; 
0.17530419962166155   T=3,K=8:  23726 (0.015) ;  (0.010) ; 85306 (0.010) ; 22209 (0.009) ; 84234 (0.009) ; 43309 (0.008) ; 15893 (0.008) ; 45996 (0.008) ; 114624 (0.008) ; 28360 (0.007) ; 
0.06993386343013318   T=3,K=9:  52332 (0.037) ; 85306 (0.019) ;  (0.017) ; 79983 (0.015) ; 23726 (0.011) ; 65552 (0.011) ; 22209 (0.010) ; 72610 (0.008) ; 11583 (0.008) ; 260 (0.008) ; 

Time=4  
0.08988808937727885   T=4,K=0:   (0.019) ; 24292 (0.010) ; 22209 (0.009) ; 43206 (0.008) ; 52332 (0.008) ; 23726 (0.008) ; 90504 (0.007) ; 74735 (0.007) ; 79983 (0.007) ; 102000 (0.007) ; 
0.07196842168154571   T=4,K=1:  22209 (0.013) ; 84234 (0.013) ; 2764 (0.010) ; 52332 (0.010) ; 23726 (0.009) ;  (0.009) ; 31161 (0.009) ; 79983 (0.009) ; 64866 (0.009) ; 36165 (0.008) ; 
0.11952892115603658   T=4,K=2:  22209 (0.018) ; 45996 (0.017) ; 63772 (0.014) ; 85306 (0.010) ; 52332 (0.010) ; 23726 (0.010) ;  (0.010) ; 112720 (0.009) ; 79983 (0.009) ; 62204 (0.008) ; 
0.11091274058064382   T=4,K=3:  85306 (0.017) ; 84234 (0.013) ; 22209 (0.012) ; 72627 (0.012) ; 79983 (0.012) ;  (0.010) ; 62204 (0.010) ; 110639 (0.010) ; 48429 (0.008) ; 43309 (0.008) ; 
0.09953722085146043   T=4,K=4:  85306 (0.023) ;  (0.016) ; 84234 (0.015) ; 79983 (0.014) ; 90504 (0.011) ; 52332 (0.009) ; nlsj61372 (0.008) ; 28360 (0.008) ; 102000 (0.008) ; 31161 (0.008) ; 
0.10447985600747565   T=4,K=5:   (0.012) ; 86219 (0.009) ; 22209 (0.009) ; 52332 (0.009) ; 23726 (0.008) ; 104429 (0.008) ; 73672 (0.008) ; 85306 (0.008) ; 33819 (0.007) ; 31565 (0.007) ; 
0.11564222119808042   T=4,K=6:  84234 (0.020) ;  (0.014) ; 79983 (0.014) ; 45996 (0.013) ; 43309 (0.011) ; 52332 (0.010) ; 71308 (0.008) ; 63772 (0.008) ; 116416 (0.007) ; 48291 (0.007) ; 
0.10547051629607308   T=4,K=7:  84234 (0.014) ; 85306 (0.013) ; 22209 (0.013) ; 45996 (0.012) ; 75552 (0.010) ; 23726 (0.009) ; 31161 (0.009) ; 116416 (0.008) ; 48291 (0.007) ; nlsj56179 (0.007) ; 
0.11260428909183408   T=4,K=8:  84234 (0.015) ; 23726 (0.013) ; 45996 (0.011) ;  (0.009) ; 48291 (0.009) ; 22209 (0.008) ; 84494 (0.008) ; 79983 (0.008) ; 85306 (0.008) ; 66838 (0.008) ; 
0.0699677237595715   T=4,K=9:  52332 (0.031) ; 85306 (0.014) ;  (0.013) ; 22209 (0.011) ; 79983 (0.010) ; 27847 (0.008) ; 45996 (0.008) ; 84234 (0.007) ; 65552 (0.007) ; 23726 (0.007) ; 

Time=5  
0.09488527066085213   T=5,K=0:   (0.023) ; 52332 (0.015) ; 24292 (0.011) ; 102000 (0.011) ; 98234 (0.010) ; 22209 (0.010) ; 43206 (0.009) ; 90504 (0.009) ; 58541 (0.008) ; nlsj76838 (0.007) ; 
0.08628842214641574   T=5,K=1:  22209 (0.037) ; 84234 (0.015) ; 23726 (0.012) ; 79983 (0.012) ;  (0.011) ; 36165 (0.010) ; 45996 (0.010) ; 52332 (0.009) ; 84494 (0.008) ; 11583 (0.007) ; 
0.10102027706740829   T=5,K=2:  45996 (0.022) ; 22209 (0.021) ; 63772 (0.012) ; nlsj32160 (0.011) ; 85306 (0.009) ; 43206 (0.009) ; 57460 (0.008) ; 62204 (0.007) ;  (0.007) ; 72627 (0.007) ; 
0.1160005882464049   T=5,K=3:  79983 (0.021) ; 48429 (0.018) ; 85306 (0.015) ; 22209 (0.014) ;  (0.013) ; 72627 (0.013) ; 62204 (0.011) ; 116416 (0.010) ; 84234 (0.009) ; 63772 (0.009) ; 
0.09626786254232528   T=5,K=4:  79983 (0.033) ; 84234 (0.019) ; 85306 (0.017) ;  (0.015) ; 52332 (0.011) ; 90504 (0.011) ; 22209 (0.008) ; 102000 (0.008) ; 28360 (0.008) ; 75552 (0.007) ; 
0.06423630448008953   T=5,K=5:   (0.019) ; 86219 (0.013) ; 85306 (0.012) ; 104429 (0.010) ; 62204 (0.009) ; 31565 (0.009) ; 33819 (0.009) ; 79983 (0.007) ; 22209 (0.007) ; 24292 (0.007) ; 
0.13017151787296935   T=5,K=6:  84234 (0.037) ; 79983 (0.024) ; 45996 (0.017) ;  (0.012) ; 43309 (0.011) ; 92010 (0.010) ; 71308 (0.010) ; 52332 (0.009) ; 79223 (0.009) ; 62204 (0.009) ; 
0.0640097645824755   T=5,K=7:  22209 (0.014) ; 45996 (0.013) ; 85306 (0.013) ; 106566 (0.010) ; 75552 (0.009) ; 76530 (0.009) ; 12973 (0.008) ; 79983 (0.008) ; 70958 (0.008) ; 84234 (0.008) ; 
0.1024491577435237   T=5,K=8:  84234 (0.023) ; 79983 (0.020) ; 23726 (0.014) ; 45996 (0.011) ; 66838 (0.010) ; 28360 (0.009) ; 84494 (0.008) ; 48291 (0.008) ; 67762 (0.008) ; 22209 (0.008) ; 
0.14467083465753552   T=5,K=9:   (0.016) ; 22209 (0.014) ; 52332 (0.014) ; 85306 (0.011) ; 75552 (0.010) ; 72627 (0.009) ; 45996 (0.008) ; 65552 (0.008) ; 28569 (0.007) ; 66838 (0.007) ; 



-----------------------
 kappa_c 4.000000 , kappa_f 10.000000