1832 documents , 1 concepts , 4280 context features (49875) 
kappaF 10.000000, kappaK 4.000000, a0 7.000000, b0 3.000000, K 15, max_docs_per_slice 2000, start -800, end 400, times 13, dT 100, I 1000


map[]

===============  per type  ===============
0.013482782972287395   T=0,K=0:  84234 (0.023) ; 31161 (0.021) ; 22209 (0.019) ; 49875 (0.016) ; 50702 (0.016) ; 73750 (0.015) ; 93478 (0.014) ; 114972 (0.014) ; 61791 (0.011) ; 47007 (0.010) ; 
0.012783945749384013   T=1,K=0:  22209 (0.029) ; 93478 (0.017) ; 96160 (0.015) ; 84234 (0.014) ; 49875 (0.014) ; 73750 (0.013) ; 47007 (0.013) ; 31161 (0.012) ; 50702 (0.012) ; 114972 (0.011) ; 
0.03547749296003144   T=2,K=0:  70958 (0.020) ; 49875 (0.017) ; 84234 (0.016) ; 22209 (0.015) ; 114972 (0.013) ; 114558 (0.013) ; 93478 (0.013) ; 31161 (0.012) ; 47007 (0.012) ; 28569 (0.012) ; 
0.06294716120101274   T=3,K=0:  70958 (0.023) ; 93478 (0.019) ; 28569 (0.014) ; 22209 (0.013) ; 12035 (0.012) ; 84234 (0.012) ; 49875 (0.012) ; 83711 (0.011) ; 91372 (0.010) ; 100965 (0.010) ; 
0.01783209294392187   T=4,K=0:  22209 (0.018) ; 93478 (0.017) ; 106566 (0.014) ; 70958 (0.013) ; 83711 (0.013) ; 28569 (0.011) ; 81863 (0.011) ; 49875 (0.010) ; 102381 (0.010) ; nlsj76838 (0.009) ; 
0.04640589013830798   T=5,K=0:  22209 (0.017) ; 106566 (0.014) ; 60003 (0.014) ; 84494 (0.012) ; 61791 (0.012) ; 81863 (0.011) ; 93478 (0.010) ; 73742 (0.010) ; 100965 (0.010) ; 28569 (0.009) ; 
0.05818517253980816   T=6,K=0:  106566 (0.016) ; 22209 (0.015) ; 73742 (0.013) ; 61791 (0.012) ; 28569 (0.011) ; 60003 (0.011) ; 102381 (0.010) ; 49875 (0.010) ; 81863 (0.009) ; 91372 (0.009) ; 
0.029025924665263114   T=7,K=0:  106566 (0.018) ; 49875 (0.015) ; 73742 (0.015) ; 22209 (0.015) ; 61791 (0.014) ; 28569 (0.014) ; 81863 (0.014) ; nlsj61372 (0.012) ; 100965 (0.010) ; 102381 (0.010) ; 
0.030363124337077142   T=8,K=0:  49875 (0.021) ; 106566 (0.018) ; nlsj61372 (0.013) ; 28569 (0.013) ; 60003 (0.012) ; 73742 (0.011) ; 81863 (0.010) ; 84234 (0.010) ; 61791 (0.009) ; 22209 (0.009) ; 
0.026822622184324102   T=9,K=0:  49875 (0.048) ; 106566 (0.019) ; 28569 (0.016) ; 22209 (0.014) ; nlsj61372 (0.012) ; 81863 (0.012) ; 61791 (0.012) ; 60003 (0.011) ; 104355 (0.011) ; 80011 (0.011) ; 
0.04676524692553549   T=10,K=0:  49875 (0.054) ; 106566 (0.037) ; 61791 (0.016) ; 28569 (0.015) ; 60003 (0.014) ; 22209 (0.013) ; 89676 (0.012) ; 81863 (0.012) ; 109194 (0.011) ; 80011 (0.011) ; 
0.03502520831963516   T=11,K=0:  49875 (0.094) ; 106566 (0.042) ; 61791 (0.020) ; 84234 (0.017) ; nlsj61372 (0.017) ; 22209 (0.015) ; 73742 (0.014) ; 79223 (0.014) ; 80011 (0.014) ; 28569 (0.013) ; 
0.018285155596528664   T=12,K=0:  49875 (0.100) ; 84234 (0.039) ; 106566 (0.037) ; 93478 (0.020) ; 73742 (0.017) ; nlsj61372 (0.015) ; 22209 (0.015) ; 79223 (0.015) ; 83774 (0.015) ; 61791 (0.013) ; 
p(w|s) = sum_t P(w|t,s)  T=-1,K=0:  49875 (0.032) ; 106566 (0.019) ; 22209 (0.016) ; 84234 (0.014) ; 28569 (0.012) ; 93478 (0.011) ; 61791 (0.011) ; 73742 (0.010) ; 60003 (0.010) ; 70958 (0.010) ; 

0.060354094207954186   T=0,K=1:  2665 (0.037) ; 27847 (0.023) ; 31236 (0.019) ; 84434 (0.018) ; 4076 (0.016) ; 105829 (0.013) ; 52332 (0.013) ; 74127 (0.011) ; 58429 (0.011) ; 45936 (0.010) ; 
0.0241193127146587   T=1,K=1:  2665 (0.034) ; 84434 (0.024) ; 58429 (0.019) ; 4076 (0.017) ; 31236 (0.017) ; 27847 (0.016) ; 34451 (0.015) ; 75552 (0.014) ; nlsj32160 (0.014) ; 74127 (0.013) ; 
0.04066166434556949   T=2,K=1:  58429 (0.031) ; 84434 (0.019) ; 27847 (0.018) ; 2665 (0.016) ; 34451 (0.016) ; 75552 (0.015) ; 31236 (0.015) ; 4076 (0.015) ; 52332 (0.013) ; 45996 (0.010) ; 
0.12067498549375832   T=3,K=1:  58429 (0.031) ; 84434 (0.019) ; 75552 (0.014) ; 4076 (0.014) ; 43206 (0.014) ; nlsj32160 (0.014) ; 2665 (0.013) ; 84494 (0.012) ; 34451 (0.012) ; 27847 (0.012) ; 
0.14498957049860522   T=4,K=1:  58429 (0.025) ; 84434 (0.017) ; nlsj56179 (0.013) ; 27847 (0.013) ; 84494 (0.013) ; 31236 (0.013) ; 24440 (0.011) ; 43206 (0.010) ; 75552 (0.010) ; 45996 (0.010) ; 
0.11450783447223789   T=5,K=1:  58429 (0.021) ; 84434 (0.014) ; nlsj56179 (0.012) ; 31236 (0.012) ; 43206 (0.012) ; 27847 (0.012) ; 84494 (0.011) ; 24440 (0.010) ; 52332 (0.010) ; 75552 (0.008) ; 
0.11118843650169669   T=6,K=1:  nlsj56179 (0.021) ; 84434 (0.020) ; 45996 (0.016) ; 58429 (0.014) ; 84494 (0.010) ; 24440 (0.010) ; 43206 (0.010) ; 75552 (0.009) ; 24444 (0.008) ; 52332 (0.008) ; 
0.08105580415924087   T=7,K=1:  45996 (0.024) ; 84434 (0.016) ; 58429 (0.013) ; 84234 (0.013) ; nlsj56179 (0.011) ; 31236 (0.010) ; 84494 (0.010) ; 52332 (0.010) ; 43206 (0.010) ; 75552 (0.010) ; 
0.08882353325526705   T=8,K=1:  45996 (0.017) ; 75552 (0.014) ; 31236 (0.014) ; 84234 (0.012) ; 58429 (0.011) ; 43206 (0.011) ; 46613 (0.010) ; 68641 (0.010) ; 84494 (0.010) ; nlsj56179 (0.010) ; 
0.13605295470734632   T=9,K=1:  58429 (0.020) ; 75552 (0.015) ; 45996 (0.013) ; nlsj56179 (0.012) ; 49875 (0.011) ; 84494 (0.011) ; 46613 (0.010) ; 97150 (0.010) ; 84234 (0.009) ; 31236 (0.009) ; 
0.08175244240004632   T=10,K=1:  58429 (0.030) ; 84434 (0.012) ; nlsj4423 (0.012) ; 75552 (0.011) ; 45996 (0.011) ; 84494 (0.010) ; 46613 (0.010) ; 4509 (0.010) ; 97150 (0.010) ; 49875 (0.009) ; 
0.06110881161029426   T=11,K=1:  58429 (0.025) ; 75552 (0.015) ; 49875 (0.013) ; 45996 (0.012) ; 31236 (0.012) ; 85982 (0.011) ; 72357 (0.010) ; 46613 (0.010) ; 104429 (0.009) ; nlsj4423 (0.009) ; 
0.0023700617342337187   T=12,K=1:  58429 (0.025) ; 45996 (0.025) ; 49875 (0.015) ; 62204 (0.012) ; 75552 (0.011) ; 31236 (0.011) ; 85982 (0.011) ; 104429 (0.010) ; 8909 (0.010) ; 46613 (0.009) ; 
p(w|s) = sum_t P(w|t,s)  T=-1,K=1:  58429 (0.021) ; 84434 (0.015) ; 45996 (0.013) ; 75552 (0.012) ; 31236 (0.012) ; 27847 (0.011) ; 2665 (0.010) ; nlsj56179 (0.009) ; 84494 (0.009) ; 43206 (0.008) ; 

0.025304700423228695   T=0,K=2:  72610 (0.102) ; 68641 (0.043) ; 26886 (0.020) ; 8665 (0.017) ; 85306 (0.016) ; 58429 (0.016) ; nlsj107632 (0.015) ; 90504 (0.014) ; 33424 (0.014) ; 24444 (0.014) ; 
0.014822494165116554   T=1,K=2:  72610 (0.078) ; 68641 (0.032) ; 26886 (0.021) ; 8665 (0.019) ; 24444 (0.017) ; nlsj32160 (0.014) ; 85306 (0.014) ; 33424 (0.013) ; 90504 (0.013) ; 103972 (0.012) ; 
0.03313132736377495   T=2,K=2:  72610 (0.060) ; 8665 (0.022) ; 26886 (0.017) ; 24444 (0.016) ; 84494 (0.015) ; 68641 (0.015) ; 85306 (0.014) ; 84234 (0.013) ; 103972 (0.011) ; 58429 (0.011) ; 
0.03821047131515306   T=3,K=2:  72610 (0.047) ; 8665 (0.025) ; 22209 (0.017) ; 26886 (0.017) ; 24444 (0.015) ; 58429 (0.013) ; 85306 (0.013) ; 83665 (0.012) ; 33424 (0.011) ; 37210 (0.011) ; 
0.08127132650293141   T=4,K=2:  58429 (0.023) ; 22209 (0.019) ; 72610 (0.018) ; 8665 (0.017) ; 24444 (0.016) ; 85306 (0.015) ; 26886 (0.013) ; 84234 (0.013) ; 84494 (0.012) ; 20621 (0.010) ; 
0.07322000602139028   T=5,K=2:  24444 (0.021) ; 58429 (0.019) ; 85306 (0.017) ; 72610 (0.017) ; 90504 (0.014) ; 22209 (0.013) ; 63772 (0.012) ; 62204 (0.010) ; 19972 (0.010) ; 8665 (0.010) ; 
0.09848485487965805   T=6,K=2:  58429 (0.019) ; 22209 (0.018) ; 85306 (0.016) ; 8665 (0.014) ; 63772 (0.013) ; 72610 (0.013) ; 90504 (0.012) ; 48291 (0.010) ; 84511 (0.010) ; 26886 (0.009) ; 
0.05328976649950721   T=7,K=2:  58429 (0.018) ; 8665 (0.017) ; 85306 (0.016) ; 22209 (0.015) ; 48291 (0.014) ; 72610 (0.014) ; 62204 (0.010) ; 26886 (0.010) ; 63772 (0.010) ; nlsj14967 (0.010) ; 
0.09496861834752997   T=8,K=2:  58429 (0.019) ; 22209 (0.017) ; 48291 (0.013) ; 63772 (0.013) ; 85306 (0.013) ; 8665 (0.013) ; 72610 (0.012) ; 62204 (0.010) ; 84494 (0.010) ; 109333 (0.009) ; 
0.07528982454528317   T=9,K=2:  58429 (0.015) ; 63772 (0.014) ; 48291 (0.014) ; 72610 (0.014) ; 62204 (0.014) ; 28188 (0.012) ; 8665 (0.012) ; 22209 (0.010) ; 84494 (0.010) ; 83963 (0.008) ; 
0.09939003524940408   T=10,K=2:  62204 (0.020) ; 63772 (0.015) ; 58429 (0.014) ; 48291 (0.012) ; 84494 (0.012) ; 22209 (0.011) ; 8665 (0.011) ; 46966 (0.011) ; 83963 (0.010) ; 26886 (0.010) ; 
0.054906438442690574   T=11,K=2:  62204 (0.022) ; 46966 (0.021) ; 48291 (0.016) ; 84494 (0.015) ; 8665 (0.014) ; 53873 (0.013) ; 63772 (0.012) ; 68641 (0.012) ; 83963 (0.010) ; 22209 (0.009) ; 
0.03442493910962252   T=12,K=2:  8665 (0.020) ; 62204 (0.015) ; 46966 (0.015) ; 68641 (0.014) ; 53873 (0.013) ; 48291 (0.013) ; 28002 (0.012) ; 84494 (0.011) ; nlsj40053 (0.011) ; 22209 (0.011) ; 
p(w|s) = sum_t P(w|t,s)  T=-1,K=2:  72610 (0.031) ; 8665 (0.016) ; 58429 (0.015) ; 68641 (0.013) ; 22209 (0.013) ; 85306 (0.012) ; 26886 (0.012) ; 84494 (0.011) ; 24444 (0.011) ; 63772 (0.011) ; 

0.012117008418837193   T=0,K=3:  110598 (0.034) ; 104429 (0.028) ; 62204 (0.023) ; 31945 (0.019) ; 1377 (0.019) ; 97132 (0.018) ; 79335 (0.018) ; 58429 (0.015) ; 60308 (0.015) ; 75552 (0.013) ; 
0.014805766240529853   T=1,K=3:  110598 (0.025) ; 1377 (0.024) ; 104429 (0.019) ; 75552 (0.015) ; 62204 (0.014) ; 58429 (0.013) ; nlsj6956 (0.013) ; 79335 (0.013) ; 60308 (0.013) ; 26447 (0.012) ; 
0.04625581112361869   T=2,K=3:  1377 (0.023) ; 104429 (0.022) ; 110598 (0.020) ; 58429 (0.018) ; 79335 (0.016) ; 27847 (0.013) ; 75552 (0.013) ; 62204 (0.012) ; 26447 (0.012) ; 84434 (0.011) ; 
0.05303048943524362   T=3,K=3:  58429 (0.027) ; 1377 (0.023) ; 104429 (0.020) ; 75552 (0.017) ; 84434 (0.016) ; 110598 (0.015) ; 62204 (0.014) ; 27847 (0.013) ; 31161 (0.013) ; nlsj6956 (0.013) ; 
0.04135458896902618   T=4,K=3:  58429 (0.024) ; 84434 (0.022) ; 27847 (0.017) ; 75552 (0.014) ; nlsj6956 (0.014) ; 62204 (0.013) ; 104429 (0.013) ; 1377 (0.012) ; 31945 (0.012) ; 84494 (0.011) ; 
0.061162193132185856   T=5,K=3:  58429 (0.027) ; nlsj6956 (0.027) ; 75552 (0.024) ; 84434 (0.020) ; 27847 (0.016) ; 1377 (0.013) ; 62204 (0.013) ; 104429 (0.011) ; 31161 (0.011) ; 86219 (0.010) ; 
0.05034152485044675   T=6,K=3:  58429 (0.022) ; 84434 (0.017) ; 75552 (0.015) ; 27847 (0.014) ; nlsj6956 (0.014) ; 45996 (0.013) ; 62204 (0.013) ; 16862 (0.012) ; 1377 (0.011) ; 86219 (0.011) ; 
0.0671369369453062   T=7,K=3:  58429 (0.015) ; 72357 (0.013) ; nlsj6956 (0.013) ; 62204 (0.012) ; 45996 (0.012) ; 2665 (0.011) ; 16862 (0.011) ; 75552 (0.011) ; 27847 (0.010) ; 26447 (0.010) ; 
0.037572628420402286   T=8,K=3:  58429 (0.020) ; nlsj6956 (0.015) ; 72357 (0.015) ; 31161 (0.013) ; 75552 (0.012) ; 45996 (0.011) ; 27847 (0.011) ; 62204 (0.011) ; 26447 (0.010) ; 48291 (0.010) ; 
0.030257678375140085   T=9,K=3:  84422 (0.015) ; 62204 (0.015) ; 58429 (0.013) ; 75552 (0.013) ; 26447 (0.013) ; nlsj6956 (0.013) ; 74546 (0.012) ; 72357 (0.012) ; 16862 (0.011) ; 45996 (0.010) ; 
0.018127687001422234   T=10,K=3:  62204 (0.029) ; 27847 (0.022) ; 72357 (0.022) ; 74546 (0.018) ; 84422 (0.014) ; nlsj6956 (0.013) ; 75552 (0.013) ; 58429 (0.012) ; 26447 (0.012) ; 45996 (0.012) ; 
0.02440996741338763   T=11,K=3:  62204 (0.028) ; 27847 (0.025) ; 84422 (0.021) ; 45996 (0.019) ; 72357 (0.017) ; 75552 (0.015) ; 112060 (0.015) ; 96979 (0.015) ; 26447 (0.013) ; nlsj6956 (0.012) ; 
0.007965413990007844   T=12,K=3:  62204 (0.035) ; 27847 (0.035) ; 112060 (0.021) ; 84422 (0.020) ; 75552 (0.018) ; 45996 (0.014) ; nlsj6956 (0.013) ; 104429 (0.012) ; 72357 (0.012) ; 26447 (0.011) ; 
p(w|s) = sum_t P(w|t,s)  T=-1,K=3:  62204 (0.018) ; 58429 (0.017) ; 27847 (0.016) ; 75552 (0.015) ; nlsj6956 (0.014) ; 104429 (0.013) ; 1377 (0.012) ; 72357 (0.011) ; 110598 (0.011) ; 26447 (0.011) ; 

0.004265111793651288   T=0,K=4:  111486 (0.030) ; 84494 (0.026) ; 68641 (0.024) ; 59295 (0.021) ; 27210 (0.019) ; nlsj29289 (0.018) ; 11583 (0.014) ; 58429 (0.012) ; 112794 (0.012) ; 108660 (0.011) ; 
0.0017724390102365798   T=1,K=4:  59295 (0.032) ; 111486 (0.020) ; 68641 (0.018) ; 84494 (0.017) ; 65552 (0.014) ; 11583 (0.014) ; nlsj29289 (0.013) ; 112794 (0.013) ; 45996 (0.011) ; 78297 (0.011) ; 
0.007613895829708527   T=2,K=4:  59295 (0.022) ; 111486 (0.017) ; 68641 (0.015) ; 114548 (0.013) ; 108660 (0.013) ; nlsj29289 (0.013) ; 11583 (0.013) ; 58429 (0.012) ; 113060 (0.012) ; 31607 (0.011) ; 
0.012096856937550403   T=3,K=4:  111486 (0.016) ; 11583 (0.015) ; nlsj29289 (0.015) ; 45996 (0.015) ; 62204 (0.013) ; 114548 (0.012) ; 112794 (0.012) ; 59295 (0.011) ; 68641 (0.011) ; 65552 (0.011) ; 
0.03245665259677969   T=4,K=4:  nlsj29289 (0.018) ; 11583 (0.016) ; 68641 (0.015) ; 114548 (0.015) ; 45996 (0.015) ; 62204 (0.014) ; 112794 (0.013) ; 59295 (0.012) ; 65552 (0.012) ; 108660 (0.011) ; 
0.03134982959790933   T=5,K=4:  nlsj29289 (0.018) ; 112794 (0.014) ; 45996 (0.013) ; 68641 (0.013) ; 11583 (0.013) ; 37851 (0.013) ; 62204 (0.012) ; 65552 (0.011) ; 84234 (0.010) ; 84494 (0.010) ; 
0.03738447125135351   T=6,K=4:  nlsj29289 (0.028) ; 45996 (0.019) ; 65552 (0.013) ; 11583 (0.011) ; 114548 (0.010) ; 108660 (0.010) ; 62204 (0.010) ; 46646 (0.009) ; 63772 (0.009) ; 8909 (0.009) ; 
0.04962687266785815   T=7,K=4:  nlsj29289 (0.015) ; 8909 (0.014) ; 114548 (0.013) ; 84234 (0.012) ; 45996 (0.011) ; nlsj14967 (0.011) ; 68641 (0.010) ; 65552 (0.009) ; 63772 (0.008) ; 51647 (0.008) ; 
0.05147775882229943   T=8,K=4:  8909 (0.019) ; 45996 (0.019) ; nlsj29289 (0.015) ; 114548 (0.010) ; 68641 (0.010) ; 63772 (0.010) ; 93802 (0.010) ; 62204 (0.009) ; nlsj14967 (0.009) ; 90504 (0.009) ; 
0.03430200934956112   T=9,K=4:  45996 (0.018) ; nlsj29289 (0.016) ; 84234 (0.014) ; nlsj14967 (0.012) ; 8909 (0.012) ; 108660 (0.012) ; 68641 (0.010) ; 23444 (0.010) ; 63772 (0.009) ; 62204 (0.009) ; 
0.04451287795160099   T=10,K=4:  nlsj29289 (0.015) ; nlsj14967 (0.014) ; 84234 (0.013) ; 108660 (0.013) ; 93802 (0.012) ; 62204 (0.011) ; 45996 (0.010) ; 42214 (0.009) ; 23444 (0.009) ; 8909 (0.009) ; 
0.023844978957424916   T=11,K=4:  84234 (0.019) ; 108660 (0.019) ; nlsj29289 (0.016) ; 37851 (0.012) ; 86219 (0.011) ; 110243 (0.011) ; 90504 (0.010) ; 42214 (0.010) ; 86083 (0.010) ; 23444 (0.010) ; 
0.028575005730766236   T=12,K=4:  nlsj29289 (0.031) ; 84234 (0.018) ; 108660 (0.017) ; 86219 (0.014) ; 93802 (0.012) ; 86083 (0.011) ; 84494 (0.011) ; 27210 (0.011) ; 23444 (0.011) ; nlsj26225 (0.011) ; 
p(w|s) = sum_t P(w|t,s)  T=-1,K=4:  nlsj29289 (0.018) ; 45996 (0.012) ; 68641 (0.012) ; 108660 (0.011) ; 59295 (0.011) ; 111486 (0.010) ; 11583 (0.010) ; 84234 (0.010) ; 84494 (0.010) ; 62204 (0.009) ; 

0.05402486541812749   T=0,K=5:  45996 (0.023) ; 97148 (0.020) ; 260 (0.017) ; 84434 (0.017) ; 63713 (0.016) ; 84234 (0.014) ; 57457 (0.014) ; 22209 (0.014) ; 84494 (0.012) ; 58429 (0.012) ; 
0.08934860719644515   T=1,K=5:  97148 (0.024) ; 45996 (0.021) ; 58429 (0.015) ; 84494 (0.015) ; 22209 (0.014) ; 93320 (0.014) ; 84234 (0.014) ; 84434 (0.013) ; 260 (0.013) ; 65552 (0.012) ; 
0.0484267496227571   T=2,K=5:  45996 (0.027) ; 97148 (0.021) ; 22209 (0.019) ; 84434 (0.016) ; 84494 (0.015) ; 58429 (0.014) ; 57457 (0.012) ; 65552 (0.011) ; 260 (0.010) ; 26197 (0.010) ; 
0.0454006010917729   T=3,K=5:  45996 (0.022) ; 22209 (0.021) ; 97148 (0.020) ; 84434 (0.017) ; 98234 (0.012) ; 58429 (0.011) ; 57457 (0.011) ; 45936 (0.010) ; 114624 (0.010) ; 65552 (0.010) ; 
0.09144739359270798   T=4,K=5:  45996 (0.018) ; 84494 (0.016) ; 84434 (0.015) ; 97148 (0.014) ; 22209 (0.012) ; 98234 (0.012) ; 57457 (0.010) ; 45936 (0.010) ; 80043 (0.009) ; 58429 (0.009) ; 
0.06360472944483561   T=5,K=5:  84434 (0.020) ; 45996 (0.016) ; 22209 (0.016) ; 97148 (0.013) ; 84494 (0.010) ; 58429 (0.010) ; 80043 (0.009) ; 20621 (0.009) ; 24342 (0.009) ; 70958 (0.009) ; 
0.11416728071346399   T=6,K=5:  45996 (0.018) ; 84434 (0.017) ; 22209 (0.016) ; 70958 (0.010) ; 114624 (0.010) ; 97148 (0.010) ; 52035 (0.009) ; 84494 (0.008) ; 20621 (0.008) ; 84234 (0.008) ; 
0.12130519179098873   T=7,K=5:  45996 (0.016) ; 84434 (0.015) ; 22209 (0.013) ; 84494 (0.010) ; 26447 (0.009) ; 65552 (0.009) ; 70958 (0.009) ; 68641 (0.009) ; 114624 (0.009) ; 20621 (0.009) ; 
0.10504867241600858   T=8,K=5:  84494 (0.017) ; 45996 (0.016) ; 68641 (0.013) ; 22209 (0.011) ; 25018 (0.011) ; 26447 (0.009) ; 65552 (0.009) ; 20621 (0.008) ; 84434 (0.008) ; 19546 (0.008) ; 
0.06978167087918183   T=9,K=5:  22209 (0.013) ; 45996 (0.013) ; 19546 (0.013) ; 84494 (0.012) ; 114624 (0.010) ; 260 (0.010) ; 68641 (0.010) ; 70958 (0.009) ; 51373 (0.008) ; 25018 (0.007) ; 
0.10816824803376428   T=10,K=5:  22209 (0.017) ; 19546 (0.016) ; 70958 (0.013) ; 84494 (0.011) ; 61791 (0.011) ; 45996 (0.010) ; 260 (0.010) ; 114624 (0.009) ; 84234 (0.009) ; 25018 (0.008) ; 
0.05734073084667716   T=11,K=5:  19546 (0.023) ; 70958 (0.015) ; 84494 (0.015) ; 61791 (0.013) ; 45996 (0.012) ; 22209 (0.011) ; 260 (0.010) ; 24342 (0.010) ; 51373 (0.010) ; 114753 (0.010) ; 
0.1530214555505181   T=12,K=5:  19546 (0.029) ; 70958 (0.026) ; 84494 (0.014) ; 61791 (0.013) ; 260 (0.011) ; 51373 (0.010) ; 25018 (0.010) ; 45996 (0.010) ; 58386 (0.009) ; 28588 (0.009) ; 
p(w|s) = sum_t P(w|t,s)  T=-1,K=5:  45996 (0.017) ; 22209 (0.014) ; 84494 (0.013) ; 84434 (0.012) ; 97148 (0.010) ; 70958 (0.010) ; 260 (0.009) ; 19546 (0.009) ; 61791 (0.008) ; 114624 (0.008) ; 

0.02206713773340345   T=0,K=6:  116416 (0.028) ; 28588 (0.026) ; 15893 (0.025) ; 106502 (0.018) ; 112720 (0.017) ; 31565 (0.015) ; 110606 (0.014) ; 71314 (0.014) ; 11970 (0.012) ; 72202 (0.011) ; 
0.03825474978354097   T=1,K=6:  116416 (0.023) ; 106502 (0.020) ; 110606 (0.019) ; 15893 (0.019) ; 28588 (0.018) ; 31565 (0.017) ; 110639 (0.014) ; 102000 (0.013) ; 22100 (0.013) ; 84202 (0.013) ; 
0.03644398480769643   T=2,K=6:  116416 (0.027) ; 106502 (0.027) ; 31565 (0.020) ; 110639 (0.017) ; 84202 (0.014) ; 28588 (0.014) ; 102000 (0.014) ; 15893 (0.013) ; 110606 (0.011) ; 22100 (0.010) ; 
0.007408386134702074   T=3,K=6:  106502 (0.023) ; 110639 (0.019) ; 116416 (0.016) ; 28588 (0.014) ; 84202 (0.013) ; 15893 (0.013) ; 102000 (0.011) ; 20594 (0.010) ; 31565 (0.010) ; nlsj2454 (0.009) ; 
0.02295446756951418   T=4,K=6:  28588 (0.023) ; 106502 (0.020) ; 102000 (0.014) ; 110639 (0.013) ; 104355 (0.013) ; 15893 (0.011) ; 84202 (0.011) ; 22100 (0.011) ; 31565 (0.011) ; 112720 (0.010) ; 
0.052552734180638404   T=5,K=6:  102000 (0.017) ; 28588 (0.016) ; 22100 (0.014) ; 106502 (0.013) ; 28569 (0.012) ; 102096 (0.012) ; 110243 (0.011) ; 57456 (0.010) ; 110606 (0.010) ; 110639 (0.009) ; 
0.06395355292939008   T=6,K=6:  45996 (0.016) ; 102000 (0.014) ; 28588 (0.014) ; 19346 (0.012) ; 22100 (0.012) ; 72254 (0.011) ; 112720 (0.010) ; 2764 (0.010) ; 110606 (0.010) ; 102096 (0.009) ; 
0.026978488752762438   T=7,K=6:  45996 (0.022) ; 102000 (0.017) ; 112720 (0.016) ; 72254 (0.012) ; 37931 (0.011) ; 106502 (0.011) ; 22100 (0.010) ; 52332 (0.010) ; 110243 (0.010) ; 79223 (0.010) ; 
0.03192898799804529   T=8,K=6:  72254 (0.020) ; 45996 (0.018) ; 102000 (0.014) ; 106502 (0.014) ; 112720 (0.014) ; 110243 (0.011) ; 24436 (0.010) ; 104355 (0.009) ; 2764 (0.009) ; 78757 (0.009) ; 
0.059730037076239126   T=9,K=6:  45996 (0.019) ; 72254 (0.018) ; 112720 (0.017) ; 102000 (0.015) ; 110243 (0.013) ; 71314 (0.013) ; 106502 (0.012) ; 79223 (0.011) ; 90504 (0.010) ; 2764 (0.009) ; 
0.05212782184083613   T=10,K=6:  72254 (0.019) ; 102000 (0.019) ; 2764 (0.018) ; 112720 (0.017) ; 110243 (0.015) ; 45996 (0.015) ; 35337 (0.012) ; 115887 (0.011) ; 28569 (0.010) ; 3499 (0.010) ; 
0.07968558886164315   T=11,K=6:  110243 (0.037) ; 112720 (0.026) ; 115887 (0.015) ; 2764 (0.014) ; 45996 (0.013) ; 28588 (0.012) ; 72254 (0.012) ; 3499 (0.012) ; 102000 (0.011) ; 106502 (0.011) ; 
0.03527504391477374   T=12,K=6:  112720 (0.036) ; 110243 (0.023) ; 2764 (0.016) ; 68641 (0.013) ; 102000 (0.013) ; 106502 (0.013) ; 28588 (0.013) ; 105829 (0.012) ; 79223 (0.012) ; 35337 (0.011) ; 
p(w|s) = sum_t P(w|t,s)  T=-1,K=6:  106502 (0.015) ; 112720 (0.015) ; 102000 (0.014) ; 28588 (0.014) ; 116416 (0.012) ; 110243 (0.011) ; 45996 (0.011) ; 31565 (0.010) ; 72254 (0.010) ; 15893 (0.010) ; 

0.1745619890788494   T=0,K=7:  85306 (0.053) ; 98925 (0.036) ; 22209 (0.023) ; 45996 (0.014) ; 61791 (0.013) ; 97150 (0.012) ; 46612 (0.011) ; 2654 (0.011) ; 63845 (0.011) ; 27847 (0.010) ; 
0.1586930060190742   T=1,K=7:  22209 (0.054) ; 85306 (0.041) ; 61791 (0.017) ; 63845 (0.015) ; 30989 (0.013) ; 51826 (0.013) ; 97150 (0.013) ; 98925 (0.012) ; 67132 (0.010) ; 2654 (0.009) ; 
0.11629134083483028   T=2,K=7:  22209 (0.039) ; 63845 (0.033) ; 85306 (0.031) ; 61791 (0.015) ; 2654 (0.014) ; 98925 (0.013) ; 84422 (0.011) ; 30989 (0.010) ; 45996 (0.010) ; 67132 (0.009) ; 
0.06885417037142419   T=3,K=7:  22209 (0.075) ; 63845 (0.028) ; 85306 (0.025) ; 61791 (0.014) ; 45996 (0.013) ; 30989 (0.012) ; 67132 (0.011) ; 98925 (0.009) ; 2654 (0.008) ; 71308 (0.008) ; 
0.024462058840384503   T=4,K=7:  22209 (0.039) ; 85306 (0.027) ; 45996 (0.021) ; 67132 (0.011) ; 2654 (0.011) ; 61791 (0.011) ; 63845 (0.009) ; 27847 (0.008) ; 97132 (0.008) ; 98925 (0.007) ; 
0.02646760628882703   T=5,K=7:  22209 (0.045) ; 45996 (0.026) ; 85306 (0.017) ; 2654 (0.010) ; 84234 (0.010) ; 67132 (0.009) ; 63845 (0.008) ; 46612 (0.008) ; 84494 (0.008) ; 61791 (0.007) ; 
0.050694554374040315   T=6,K=7:  22209 (0.028) ; 45996 (0.026) ; 85306 (0.017) ; 63845 (0.013) ; 97132 (0.010) ; 84422 (0.009) ; 84494 (0.009) ; 46612 (0.008) ; 67132 (0.007) ; 58429 (0.007) ; 
0.08021803691044127   T=7,K=7:  45996 (0.015) ; 85306 (0.013) ; 22209 (0.011) ; 84422 (0.011) ; 84494 (0.011) ; 46612 (0.009) ; 84234 (0.009) ; 49875 (0.008) ; 86184 (0.008) ; 61791 (0.008) ; 
0.048423455817119224   T=8,K=7:  45996 (0.025) ; 84494 (0.014) ; 85306 (0.014) ; 31161 (0.011) ; 84234 (0.011) ; 22209 (0.010) ; 116416 (0.010) ; 46612 (0.009) ; 58429 (0.008) ; 90122 (0.008) ; 
0.07358801796683828   T=9,K=7:  45996 (0.017) ; 116416 (0.012) ; 84422 (0.011) ; 58429 (0.011) ; 31161 (0.009) ; 22209 (0.008) ; 29883 (0.008) ; 64866 (0.008) ; 46612 (0.008) ; 2654 (0.008) ; 
0.07866819225071217   T=10,K=7:  84422 (0.015) ; 45996 (0.014) ; 58429 (0.013) ; 64866 (0.010) ; 29883 (0.009) ; 46612 (0.007) ; 31161 (0.007) ; 25401 (0.007) ; 114624 (0.007) ; 114075 (0.007) ; 
0.05885099204278854   T=11,K=7:  29883 (0.016) ; 45996 (0.015) ; 64866 (0.014) ; 15893 (0.012) ; 84422 (0.011) ; 114558 (0.010) ; 72254 (0.010) ; nlsj71743 (0.010) ; 25401 (0.009) ; 97132 (0.007) ; 
0.004024673474202104   T=12,K=7:  29883 (0.023) ; 64866 (0.014) ; 15893 (0.013) ; 84422 (0.012) ; nlsj71743 (0.012) ; 25401 (0.011) ; 72254 (0.011) ; 84234 (0.009) ; 114558 (0.009) ; 45996 (0.009) ; 
p(w|s) = sum_t P(w|t,s)  T=-1,K=7:  22209 (0.027) ; 85306 (0.020) ; 45996 (0.016) ; 63845 (0.012) ; 84422 (0.009) ; 61791 (0.009) ; 98925 (0.008) ; 29883 (0.008) ; 2654 (0.008) ; 46612 (0.008) ; 

0.30944756919841626   T=0,K=8:  80327 (0.070) ; 27847 (0.030) ; 13016 (0.024) ; 41024 (0.020) ; 85306 (0.019) ; 97121 (0.018) ; 45996 (0.015) ; 49875 (0.014) ; 86083 (0.013) ; 106974 (0.013) ; 
0.27022781771827853   T=1,K=8:  80327 (0.041) ; 27847 (0.034) ; 85306 (0.023) ; 41024 (0.022) ; 97121 (0.020) ; 13016 (0.019) ; 45996 (0.016) ; 106974 (0.012) ; 86083 (0.012) ; 110114 (0.012) ; 
0.06051715019053073   T=2,K=8:  80327 (0.040) ; 27847 (0.040) ; 41024 (0.020) ; 85306 (0.019) ; 45996 (0.016) ; 86083 (0.015) ; 57456 (0.014) ; 97121 (0.013) ; 13016 (0.011) ; nlsj76838 (0.010) ; 
0.023481874349841825   T=3,K=8:  27847 (0.033) ; 80327 (0.028) ; 85306 (0.025) ; 45996 (0.020) ; 97121 (0.016) ; 41024 (0.012) ; 86083 (0.011) ; 13016 (0.011) ; 60340 (0.010) ; 114753 (0.009) ; 
0.03772608979200973   T=4,K=8:  27847 (0.025) ; 80327 (0.017) ; 45996 (0.014) ; 97121 (0.013) ; 71023 (0.013) ; 85306 (0.013) ; 60340 (0.010) ; 86083 (0.010) ; 19546 (0.009) ; 98323 (0.009) ; 
0.04448686099223322   T=5,K=8:  27847 (0.022) ; 45996 (0.017) ; 71023 (0.016) ; 19546 (0.016) ; 85306 (0.014) ; 80327 (0.013) ; 97121 (0.013) ; 36570 (0.010) ; 23069 (0.009) ; 13016 (0.008) ; 
0.03285317527733703   T=6,K=8:  27847 (0.027) ; 45996 (0.025) ; 19546 (0.016) ; 97121 (0.014) ; 85306 (0.013) ; 23069 (0.011) ; 71023 (0.011) ; 106974 (0.010) ; 13016 (0.009) ; 58429 (0.008) ; 
0.039223957942747384   T=7,K=8:  45996 (0.026) ; 85306 (0.021) ; 27847 (0.019) ; 80327 (0.016) ; 97121 (0.012) ; 19546 (0.011) ; 13016 (0.011) ; 66639 (0.009) ; 25186 (0.009) ; 71023 (0.009) ; 
0.040905133213457914   T=8,K=8:  45996 (0.023) ; 97121 (0.017) ; 23069 (0.017) ; 80327 (0.016) ; 102000 (0.015) ; 13016 (0.014) ; 98323 (0.013) ; 27847 (0.013) ; 85306 (0.013) ; 86219 (0.010) ; 
0.03729193646023656   T=9,K=8:  102000 (0.023) ; 86219 (0.021) ; 98323 (0.020) ; 45996 (0.019) ; 13016 (0.016) ; 80327 (0.016) ; 23069 (0.014) ; 97121 (0.014) ; 85306 (0.014) ; 19972 (0.011) ; 
0.01633404642867195   T=10,K=8:  98323 (0.028) ; 80327 (0.024) ; 102000 (0.023) ; 85306 (0.021) ; 86219 (0.021) ; 45996 (0.019) ; 13016 (0.016) ; 23069 (0.012) ; 49875 (0.010) ; 19972 (0.009) ; 
0.01815680873773748   T=11,K=8:  80327 (0.029) ; 102000 (0.023) ; 13016 (0.018) ; 23069 (0.018) ; 85306 (0.018) ; 86219 (0.018) ; 98323 (0.017) ; 49875 (0.014) ; 24440 (0.013) ; 45996 (0.011) ; 
0.0025827925626211216   T=12,K=8:  23069 (0.024) ; 98323 (0.020) ; 80327 (0.019) ; 49875 (0.019) ; 102000 (0.018) ; 45996 (0.016) ; 85306 (0.016) ; 27847 (0.012) ; 86219 (0.011) ; 97121 (0.009) ; 
p(w|s) = sum_t P(w|t,s)  T=-1,K=8:  80327 (0.026) ; 27847 (0.021) ; 45996 (0.018) ; 85306 (0.017) ; 97121 (0.013) ; 13016 (0.013) ; 102000 (0.012) ; 23069 (0.011) ; 98323 (0.011) ; 49875 (0.010) ; 

0.018587016177190576   T=0,K=9:  22209 (0.049) ; 31161 (0.044) ; nlsj56179 (0.017) ; nlsj76838 (0.016) ; 58429 (0.015) ; 78297 (0.015) ; 84234 (0.010) ; 56840 (0.009) ; 59708 (0.009) ; 45996 (0.009) ; 
0.02017015973054618   T=1,K=9:  22209 (0.044) ; 31161 (0.038) ; nlsj76838 (0.017) ; 58429 (0.016) ; 84494 (0.013) ; nlsj56179 (0.012) ; 42827 (0.012) ; 78297 (0.009) ; 24289 (0.008) ; 59708 (0.008) ; 
0.015555319389507953   T=2,K=9:  22209 (0.038) ; 84234 (0.026) ; 31161 (0.022) ; nlsj76838 (0.015) ; 58429 (0.015) ; 27847 (0.012) ; 84494 (0.011) ; 42827 (0.011) ; 80557 (0.010) ; 104421 (0.009) ; 
0.038113068322462626   T=3,K=9:  22209 (0.047) ; 84234 (0.034) ; nlsj76838 (0.020) ; 31161 (0.014) ; 58429 (0.014) ; 104421 (0.012) ; nlsj56179 (0.009) ; 84494 (0.009) ; 95898 (0.008) ; 37343 (0.008) ; 
0.06708758481973984   T=4,K=9:  22209 (0.034) ; 84234 (0.027) ; 58429 (0.020) ; nlsj76838 (0.017) ; 104421 (0.013) ; 31161 (0.010) ; 110114 (0.008) ; 59708 (0.008) ; 72287 (0.007) ; 27847 (0.007) ; 
0.049772770349516646   T=5,K=9:  84234 (0.024) ; 22209 (0.018) ; nlsj76838 (0.013) ; 31161 (0.011) ; 27847 (0.010) ; 58429 (0.010) ; 59708 (0.009) ; 42827 (0.009) ; 45996 (0.009) ; 104421 (0.008) ; 
0.09862412196307653   T=6,K=9:  22209 (0.017) ; 31161 (0.017) ; 45996 (0.012) ; nlsj76838 (0.011) ; 84234 (0.010) ; 59708 (0.010) ; 27847 (0.009) ; 110114 (0.009) ; 42827 (0.009) ; 58429 (0.008) ; 
0.11832988388931116   T=7,K=9:  22209 (0.015) ; 45996 (0.015) ; 31161 (0.012) ; nlsj76838 (0.011) ; nlsj71743 (0.009) ; 84234 (0.009) ; 19546 (0.009) ; 58429 (0.008) ; nlsj2087 (0.008) ; 110114 (0.007) ; 
0.1037198520903359   T=8,K=9:  84234 (0.011) ; 102000 (0.011) ; 45996 (0.011) ; 19546 (0.010) ; 27847 (0.007) ; 104421 (0.007) ; 22209 (0.007) ; nlsj71743 (0.007) ; 26447 (0.007) ; 28002 (0.007) ; 
0.09237923256871713   T=9,K=9:  31161 (0.012) ; 27847 (0.012) ; nlsj71743 (0.009) ; 84234 (0.008) ; 45996 (0.007) ; 114753 (0.007) ; 22209 (0.007) ; 18107 (0.007) ; 102000 (0.007) ; 72287 (0.007) ; 
0.05014051605004457   T=10,K=9:  84234 (0.017) ; nlsj71743 (0.016) ; 45996 (0.011) ; 31161 (0.008) ; 27847 (0.007) ; 41858 (0.007) ; nlsj56179 (0.007) ; 18107 (0.007) ; 26447 (0.007) ; 112720 (0.006) ; 
0.04505286732067305   T=11,K=9:  84234 (0.014) ; nlsj56179 (0.012) ; nlsj71743 (0.011) ; 31161 (0.010) ; 45996 (0.009) ; 72287 (0.009) ; 111541 (0.009) ; 62204 (0.008) ; 18107 (0.008) ; 41858 (0.007) ; 
0.02449358473348732   T=12,K=9:  84234 (0.016) ; 15893 (0.011) ; nlsj71743 (0.011) ; nlsj56179 (0.008) ; 102000 (0.008) ; 114753 (0.008) ; 76910 (0.007) ; 13108 (0.007) ; 27847 (0.007) ; nlsj2087 (0.007) ; 
p(w|s) = sum_t P(w|t,s)  T=-1,K=9:  22209 (0.022) ; 84234 (0.016) ; 31161 (0.016) ; nlsj76838 (0.011) ; 58429 (0.009) ; 45996 (0.008) ; nlsj71743 (0.008) ; nlsj56179 (0.008) ; 27847 (0.008) ; 104421 (0.007) ; 

0.007870729491854439   T=0,K=10:  22209 (0.032) ; 45996 (0.025) ; 68641 (0.021) ; 60308 (0.013) ; 65552 (0.012) ; 67762 (0.011) ; 103005 (0.011) ; 62204 (0.010) ; 114624 (0.009) ; 24444 (0.009) ; 
0.031003483092637035   T=1,K=10:  45996 (0.032) ; 68641 (0.022) ; 22209 (0.022) ; 24444 (0.016) ; 114624 (0.015) ; 62204 (0.013) ; 65552 (0.012) ; 67762 (0.011) ; 83774 (0.011) ; nlsj14967 (0.009) ; 
0.07065923360614797   T=2,K=10:  22209 (0.026) ; 45996 (0.023) ; 62204 (0.017) ; 68641 (0.016) ; 65552 (0.015) ; 24444 (0.014) ; 67762 (0.012) ; 85306 (0.012) ; 26943 (0.010) ; 106502 (0.010) ; 
0.1290315257846302   T=3,K=10:  45996 (0.029) ; 68641 (0.023) ; 22209 (0.017) ; 62204 (0.014) ; 85306 (0.013) ; 65552 (0.013) ; 106502 (0.013) ; 24444 (0.012) ; 112833 (0.010) ; 28569 (0.009) ; 
0.06977492520475581   T=4,K=10:  45996 (0.026) ; 85306 (0.017) ; 68641 (0.017) ; 22209 (0.017) ; 24444 (0.014) ; 62204 (0.011) ; 65552 (0.010) ; 84234 (0.010) ; 8909 (0.009) ; 28569 (0.009) ; 
0.186995425170644   T=5,K=10:  45996 (0.027) ; 85306 (0.023) ; 22209 (0.018) ; 84234 (0.013) ; 24444 (0.011) ; 67762 (0.010) ; 86184 (0.010) ; 58429 (0.009) ; 65552 (0.009) ; 68641 (0.009) ; 
0.047395710330960704   T=6,K=10:  45996 (0.028) ; 22209 (0.016) ; 85306 (0.013) ; 24444 (0.011) ; 84234 (0.010) ; 67762 (0.010) ; 65552 (0.009) ; 15893 (0.009) ; 58429 (0.008) ; 68641 (0.008) ; 
0.058510144195382786   T=7,K=10:  45996 (0.023) ; 22209 (0.022) ; 67762 (0.014) ; 85306 (0.013) ; 84234 (0.011) ; 65552 (0.011) ; 15893 (0.010) ; 83774 (0.009) ; 68641 (0.009) ; 63772 (0.009) ; 
0.12020372480180257   T=8,K=10:  45996 (0.023) ; 22209 (0.017) ; 86184 (0.015) ; 85306 (0.014) ; 24444 (0.012) ; 84234 (0.011) ; 58429 (0.010) ; 63772 (0.009) ; 15893 (0.009) ; 65552 (0.008) ; 
0.11092513845367025   T=9,K=10:  45996 (0.014) ; 24444 (0.012) ; 84234 (0.012) ; 22209 (0.011) ; 112833 (0.011) ; 86184 (0.010) ; 15893 (0.010) ; 85306 (0.009) ; 67762 (0.009) ; 65552 (0.008) ; 
0.06533534962817496   T=10,K=10:  74126 (0.015) ; 85306 (0.014) ; 63772 (0.013) ; 22209 (0.013) ; 62204 (0.010) ; 67762 (0.009) ; 83756 (0.009) ; 86184 (0.009) ; 27847 (0.009) ; 61791 (0.008) ; 
0.07603685580408229   T=11,K=10:  67762 (0.024) ; 27847 (0.016) ; 85306 (0.015) ; 74126 (0.013) ; 22209 (0.012) ; 63772 (0.010) ; 11583 (0.010) ; 103922 (0.010) ; 65552 (0.009) ; 19972 (0.009) ; 
0.1318190224944281   T=12,K=10:  27847 (0.021) ; 67762 (0.018) ; 106502 (0.015) ; 22209 (0.014) ; 85306 (0.012) ; 65552 (0.010) ; 74126 (0.010) ; 63772 (0.010) ; 51867 (0.010) ; 58429 (0.009) ; 
p(w|s) = sum_t P(w|t,s)  T=-1,K=10:  45996 (0.020) ; 22209 (0.018) ; 85306 (0.013) ; 67762 (0.012) ; 68641 (0.012) ; 24444 (0.011) ; 65552 (0.010) ; 62204 (0.009) ; 84234 (0.009) ; 106502 (0.008) ; 

0.04322835506044534   T=0,K=11:  24440 (0.028) ; 86112 (0.024) ; nlsj76838 (0.022) ; 260 (0.021) ; 84494 (0.020) ; 6905 (0.016) ; 58429 (0.016) ; 20019 (0.015) ; 85306 (0.014) ; 115102 (0.012) ; 
0.15844101425586118   T=1,K=11:  24440 (0.032) ; nlsj76838 (0.028) ; 58429 (0.023) ; 260 (0.023) ; 84494 (0.017) ; 20019 (0.012) ; 24444 (0.012) ; 86112 (0.012) ; 85306 (0.011) ; 40154 (0.010) ; 
0.1540904738076151   T=2,K=11:  260 (0.023) ; 58429 (0.023) ; nlsj76838 (0.022) ; 24440 (0.022) ; 24444 (0.021) ; 84234 (0.016) ; 84494 (0.013) ; 85306 (0.013) ; 86112 (0.012) ; 20019 (0.012) ; 
0.1379117835205918   T=3,K=11:  260 (0.022) ; 58429 (0.020) ; 24444 (0.018) ; 84234 (0.017) ; nlsj76838 (0.015) ; 84494 (0.015) ; 86112 (0.013) ; 24440 (0.012) ; 20019 (0.012) ; 85306 (0.010) ; 
0.22451131823277126   T=4,K=11:  58429 (0.032) ; 84494 (0.018) ; 84234 (0.015) ; 22209 (0.013) ; nlsj76838 (0.012) ; 260 (0.012) ; 85306 (0.011) ; 24444 (0.011) ; 86219 (0.010) ; 72287 (0.010) ; 
0.09294041377085238   T=5,K=11:  58429 (0.025) ; 22209 (0.019) ; 84494 (0.017) ; nlsj76838 (0.016) ; 84234 (0.014) ; 85306 (0.012) ; 86219 (0.010) ; 86112 (0.009) ; 260 (0.008) ; 1377 (0.008) ; 
0.0515856274813668   T=6,K=11:  58429 (0.029) ; 45996 (0.020) ; 84494 (0.018) ; nlsj76838 (0.017) ; 22209 (0.016) ; 43206 (0.012) ; 1377 (0.010) ; 24440 (0.010) ; 85306 (0.010) ; 86112 (0.009) ; 
0.08805154476980827   T=7,K=11:  84494 (0.022) ; 58429 (0.020) ; 45996 (0.019) ; nlsj76838 (0.015) ; 43206 (0.014) ; 22209 (0.009) ; 260 (0.008) ; 85306 (0.008) ; 84234 (0.008) ; 63772 (0.008) ; 
0.05321622508335521   T=8,K=11:  43206 (0.027) ; nlsj76838 (0.025) ; 58429 (0.024) ; 84494 (0.023) ; 45996 (0.021) ; 84234 (0.011) ; 22209 (0.010) ; 63772 (0.010) ; 58386 (0.008) ; 85306 (0.006) ; 
0.06726751752110889   T=9,K=11:  84494 (0.031) ; 58429 (0.019) ; 84234 (0.017) ; nlsj76838 (0.016) ; 43206 (0.014) ; 45996 (0.013) ; 58386 (0.009) ; 63772 (0.009) ; 19972 (0.008) ; 80043 (0.008) ; 
0.09673580291801993   T=10,K=11:  58429 (0.031) ; 84494 (0.030) ; 84234 (0.016) ; nlsj76838 (0.015) ; 19972 (0.011) ; 30809 (0.009) ; 45996 (0.009) ; 58386 (0.009) ; nlsj32160 (0.008) ; 98894 (0.008) ; 
0.13258947286406317   T=11,K=11:  84494 (0.040) ; 84234 (0.028) ; 58429 (0.025) ; nlsj76838 (0.014) ; 45996 (0.011) ; 43206 (0.010) ; 80043 (0.009) ; 16862 (0.009) ; nlsj32160 (0.008) ; 19972 (0.008) ; 
0.01583788581225774   T=12,K=11:  84494 (0.047) ; 84234 (0.028) ; 58429 (0.027) ; nlsj76838 (0.015) ; 80043 (0.012) ; 45996 (0.011) ; 68641 (0.010) ; 85306 (0.009) ; 11058 (0.009) ; 24292 (0.009) ; 
p(w|s) = sum_t P(w|t,s)  T=-1,K=11:  58429 (0.024) ; 84494 (0.024) ; nlsj76838 (0.018) ; 84234 (0.015) ; 260 (0.012) ; 24440 (0.011) ; 45996 (0.011) ; 85306 (0.009) ; 43206 (0.009) ; 24444 (0.008) ; 

0.018177930900880886   T=0,K=12:  58429 (0.024) ; 95100 (0.018) ; 41018 (0.014) ; 86219 (0.013) ; nlsj56179 (0.012) ; 68641 (0.012) ; 55544 (0.011) ; 85306 (0.010) ; 84039 (0.010) ; 58386 (0.009) ; 
0.009709687166045413   T=1,K=12:  86219 (0.028) ; 41018 (0.024) ; 58429 (0.023) ; nlsj56179 (0.015) ; 19972 (0.012) ; 95100 (0.011) ; 68641 (0.011) ; 55544 (0.010) ; 60003 (0.009) ; 85306 (0.008) ; 
0.025451291865870692   T=2,K=12:  86219 (0.033) ; 95100 (0.021) ; 41018 (0.021) ; 58429 (0.018) ; nlsj56179 (0.013) ; 55544 (0.010) ; 19972 (0.010) ; 68641 (0.009) ; 85306 (0.009) ; 20213 (0.009) ; 
0.013652381299880768   T=3,K=12:  86219 (0.035) ; 95100 (0.023) ; 41018 (0.014) ; 58429 (0.014) ; 20213 (0.010) ; 85306 (0.010) ; 19972 (0.009) ; 68641 (0.009) ; 108850 (0.008) ; nlsj56179 (0.008) ; 
0.027985657018862596   T=4,K=12:  41018 (0.022) ; 95100 (0.017) ; 58429 (0.016) ; 86219 (0.013) ; 85306 (0.009) ; 80043 (0.009) ; 60340 (0.008) ; 100921 (0.008) ; nlsj65911 (0.007) ; 98894 (0.007) ; 
0.02795124880315706   T=5,K=12:  58429 (0.022) ; 95100 (0.016) ; 41018 (0.010) ; 19972 (0.010) ; 85306 (0.009) ; 61016 (0.009) ; 86219 (0.009) ; 98894 (0.008) ; 524 (0.008) ; 20213 (0.007) ; 
0.014547643859373278   T=6,K=12:  58429 (0.019) ; 95100 (0.018) ; 19972 (0.010) ; 18331 (0.009) ; 60003 (0.009) ; 86219 (0.009) ; nlsj65911 (0.008) ; 14641 (0.008) ; 61016 (0.007) ; 85306 (0.007) ; 
0.06594128599192428   T=7,K=12:  58429 (0.030) ; 95100 (0.021) ; 18331 (0.013) ; 60003 (0.010) ; 97143 (0.009) ; nlsj65911 (0.008) ; 85306 (0.008) ; 61016 (0.007) ; 19972 (0.007) ; 99045 (0.007) ; 
0.062032101884127167   T=8,K=12:  58429 (0.023) ; 95100 (0.015) ; 60003 (0.013) ; nlsj65911 (0.010) ; 22209 (0.009) ; 76079 (0.009) ; 18331 (0.008) ; 45936 (0.008) ; 68641 (0.008) ; 98894 (0.008) ; 
0.038863152431849665   T=9,K=12:  58429 (0.019) ; 100921 (0.011) ; 18331 (0.011) ; 112833 (0.010) ; 70845 (0.010) ; 103012 (0.010) ; 115193 (0.010) ; 60003 (0.009) ; 99045 (0.009) ; 22209 (0.009) ; 
0.09866100078490422   T=10,K=12:  58429 (0.024) ; 99045 (0.011) ; 18331 (0.011) ; 72920 (0.010) ; 108850 (0.010) ; 112833 (0.009) ; 103012 (0.008) ; 100921 (0.008) ; 84234 (0.008) ; 19972 (0.008) ; 
0.12041331630183302   T=11,K=12:  58429 (0.020) ; 18331 (0.017) ; 53411 (0.013) ; 112833 (0.013) ; 47917 (0.012) ; 108850 (0.011) ; 72920 (0.010) ; 84234 (0.009) ; 39091 (0.009) ; 76079 (0.008) ; 
0.36926609757617235   T=12,K=12:  58429 (0.018) ; 47917 (0.014) ; 72920 (0.013) ; 112833 (0.013) ; 39091 (0.010) ; 18331 (0.010) ; 19972 (0.009) ; 71308 (0.009) ; 41918 (0.009) ; 108850 (0.008) ; 
p(w|s) = sum_t P(w|t,s)  T=-1,K=12:  58429 (0.021) ; 95100 (0.014) ; 86219 (0.013) ; 41018 (0.010) ; 18331 (0.009) ; 19972 (0.008) ; 60003 (0.008) ; 85306 (0.007) ; 100921 (0.007) ; nlsj56179 (0.007) ; 

0.19565485965019597   T=0,K=13:  80043 (0.039) ; 59794 (0.019) ; 49875 (0.015) ; 85306 (0.015) ; 102096 (0.014) ; 58429 (0.012) ; 5607 (0.012) ; 42827 (0.011) ; 6339 (0.011) ; 12965 (0.011) ; 
0.08893207178644841   T=1,K=13:  80043 (0.021) ; 85306 (0.016) ; 6339 (0.015) ; 12965 (0.013) ; 33059 (0.013) ; 102096 (0.013) ; 114548 (0.012) ; 49875 (0.012) ; 66295 (0.011) ; 116416 (0.011) ; 
0.09223342375932456   T=2,K=13:  80043 (0.018) ; 102096 (0.015) ; 49875 (0.015) ; 45996 (0.015) ; 85306 (0.014) ; 22502 (0.014) ; 12965 (0.014) ; 6339 (0.013) ; 116416 (0.012) ; 110606 (0.011) ; 
0.17736312372042637   T=3,K=13:  49875 (0.018) ; 45996 (0.018) ; 102096 (0.017) ; 85306 (0.012) ; 22502 (0.012) ; 116416 (0.011) ; 84494 (0.010) ; 114548 (0.010) ; 5607 (0.010) ; 110606 (0.010) ; 
0.0373932267847937   T=4,K=13:  45996 (0.026) ; 116416 (0.021) ; 49875 (0.018) ; 6339 (0.014) ; 22502 (0.012) ; 85306 (0.012) ; 102096 (0.009) ; 80043 (0.009) ; 68641 (0.009) ; 114548 (0.009) ; 
0.07797332650156069   T=5,K=13:  45996 (0.027) ; 116416 (0.018) ; 49875 (0.017) ; 85306 (0.015) ; 22502 (0.014) ; 68641 (0.012) ; 110606 (0.010) ; 84494 (0.010) ; 5607 (0.010) ; 115193 (0.009) ; 
0.05772214369129389   T=6,K=13:  45996 (0.026) ; 85306 (0.017) ; 49875 (0.015) ; 68641 (0.013) ; 22502 (0.012) ; 116416 (0.012) ; 5607 (0.011) ; nlsj107632 (0.010) ; 80011 (0.009) ; 110606 (0.008) ; 
0.03201201366112735   T=7,K=13:  45996 (0.033) ; 85306 (0.023) ; 49875 (0.020) ; 22502 (0.019) ; nlsj107632 (0.018) ; 5607 (0.013) ; 80011 (0.010) ; nlsj76838 (0.010) ; 68641 (0.010) ; 115235 (0.009) ; 
0.0595098838494656   T=8,K=13:  45996 (0.030) ; 85306 (0.021) ; 49875 (0.015) ; 22502 (0.014) ; nlsj107632 (0.013) ; nlsj76838 (0.012) ; 48291 (0.012) ; 80011 (0.010) ; 33059 (0.008) ; 115887 (0.008) ; 
0.04122685131983295   T=9,K=13:  85306 (0.019) ; 45996 (0.019) ; 49875 (0.015) ; nlsj107632 (0.014) ; nlsj76838 (0.014) ; 5607 (0.012) ; 63845 (0.011) ; 48291 (0.011) ; 22502 (0.010) ; 20598 (0.010) ; 
0.07423237027292179   T=10,K=13:  85306 (0.020) ; 48291 (0.019) ; 49875 (0.018) ; 63845 (0.017) ; 45996 (0.014) ; nlsj107632 (0.013) ; nlsj76838 (0.011) ; 47617 (0.011) ; 20598 (0.009) ; 72627 (0.009) ; 
0.15375995836856496   T=11,K=13:  49875 (0.028) ; 85306 (0.023) ; 48291 (0.021) ; nlsj107632 (0.014) ; 63845 (0.012) ; 72627 (0.010) ; 113560 (0.010) ; 45996 (0.009) ; 47617 (0.009) ; 30811 (0.008) ; 
0.15310207116640878   T=12,K=13:  49875 (0.032) ; 48291 (0.025) ; 85306 (0.019) ; nlsj107632 (0.015) ; 113560 (0.013) ; 72627 (0.012) ; 20598 (0.011) ; 45996 (0.011) ; 63845 (0.010) ; 112769 (0.009) ; 
p(w|s) = sum_t P(w|t,s)  T=-1,K=13:  45996 (0.019) ; 49875 (0.018) ; 85306 (0.017) ; 48291 (0.011) ; 22502 (0.011) ; nlsj107632 (0.010) ; 80043 (0.009) ; 116416 (0.009) ; 5607 (0.009) ; 102096 (0.009) ; 

0.04085584947467766   T=0,K=14:  45996 (0.059) ; 58429 (0.034) ; 84494 (0.033) ; nlsj11198 (0.030) ; 84234 (0.020) ; 41416 (0.018) ; 116416 (0.018) ; 52332 (0.014) ; 64866 (0.013) ; 22100 (0.010) ; 
0.06691544537119737   T=1,K=14:  45996 (0.063) ; 58429 (0.040) ; 116416 (0.030) ; 84494 (0.024) ; nlsj11198 (0.020) ; 64866 (0.020) ; 41416 (0.018) ; 84234 (0.016) ; 52332 (0.011) ; 86112 (0.010) ; 
0.21719084049301615   T=2,K=14:  45996 (0.042) ; 58429 (0.031) ; 84494 (0.024) ; 64866 (0.020) ; 116416 (0.018) ; nlsj11198 (0.015) ; 84234 (0.014) ; 72627 (0.014) ; 86112 (0.013) ; 52332 (0.012) ; 
0.07182312102154913   T=3,K=14:  45996 (0.046) ; 84494 (0.032) ; 116416 (0.021) ; 58429 (0.017) ; 41416 (0.011) ; nlsj11198 (0.010) ; 72627 (0.010) ; 64866 (0.010) ; 84234 (0.010) ; 22100 (0.010) ; 
0.07875304663319603   T=4,K=14:  45996 (0.031) ; 58429 (0.019) ; 84494 (0.018) ; 116416 (0.015) ; 41416 (0.010) ; 72627 (0.010) ; 22100 (0.010) ; 86112 (0.010) ; 84234 (0.009) ; nlsj11198 (0.009) ; 
0.05060913113570352   T=5,K=14:  84494 (0.025) ; 45996 (0.022) ; 116416 (0.019) ; 11583 (0.015) ; 58429 (0.011) ; 72627 (0.011) ; 84234 (0.010) ; 86112 (0.010) ; nlsj11198 (0.009) ; 1093 (0.008) ; 
0.11287172935673462   T=6,K=14:  84494 (0.028) ; 45996 (0.019) ; 11583 (0.015) ; 116416 (0.013) ; 72627 (0.011) ; 58429 (0.010) ; 84234 (0.009) ; 74126 (0.008) ; 8665 (0.008) ; 86112 (0.008) ; 
0.0892941471583307   T=7,K=14:  11583 (0.015) ; 58386 (0.015) ; 58429 (0.013) ; 45996 (0.012) ; 62204 (0.012) ; 84494 (0.012) ; 84234 (0.011) ; 74126 (0.009) ; 8665 (0.009) ; 44964 (0.008) ; 
0.07180629966370662   T=8,K=14:  84234 (0.018) ; 58429 (0.016) ; 11583 (0.016) ; 58386 (0.015) ; 74126 (0.013) ; 62204 (0.012) ; 8909 (0.012) ; 98894 (0.009) ; 33819 (0.008) ; 45996 (0.008) ; 
0.10622135616067062   T=9,K=14:  58429 (0.019) ; 74126 (0.017) ; 84234 (0.016) ; 58386 (0.014) ; 11583 (0.013) ; 62204 (0.013) ; 8909 (0.012) ; 24444 (0.011) ; 84494 (0.009) ; 114548 (0.009) ; 
0.06904836226394068   T=10,K=14:  58429 (0.023) ; 84234 (0.020) ; 24444 (0.012) ; 75552 (0.012) ; 74126 (0.012) ; 84494 (0.012) ; 62204 (0.011) ; 11583 (0.011) ; 58386 (0.009) ; 41416 (0.008) ; 
0.058818004108504615   T=11,K=14:  58429 (0.018) ; 11583 (0.015) ; 75552 (0.015) ; 84234 (0.012) ; 84494 (0.011) ; 8909 (0.010) ; 45996 (0.009) ; 72357 (0.009) ; 58386 (0.009) ; 116416 (0.009) ; 
0.018956796553971568   T=12,K=14:  11583 (0.024) ; 75552 (0.020) ; 58429 (0.017) ; 26943 (0.015) ; 84234 (0.014) ; 116416 (0.014) ; 45996 (0.013) ; 30299 (0.012) ; 76029 (0.010) ; 84494 (0.009) ; 
p(w|s) = sum_t P(w|t,s)  T=-1,K=14:  45996 (0.026) ; 58429 (0.021) ; 84494 (0.019) ; 116416 (0.014) ; 84234 (0.014) ; 11583 (0.012) ; 41416 (0.008) ; 72627 (0.008) ; nlsj11198 (0.008) ; 86112 (0.008) ; 

===============  per time  ===============
Time=0  
0.013482782972287395   T=0,K=0:  84234 (0.023) ; 31161 (0.021) ; 22209 (0.019) ; 49875 (0.016) ; 50702 (0.016) ; 73750 (0.015) ; 93478 (0.014) ; 114972 (0.014) ; 61791 (0.011) ; 47007 (0.010) ; 
0.060354094207954186   T=0,K=1:  2665 (0.037) ; 27847 (0.023) ; 31236 (0.019) ; 84434 (0.018) ; 4076 (0.016) ; 105829 (0.013) ; 52332 (0.013) ; 74127 (0.011) ; 58429 (0.011) ; 45936 (0.010) ; 
0.025304700423228695   T=0,K=2:  72610 (0.102) ; 68641 (0.043) ; 26886 (0.020) ; 8665 (0.017) ; 85306 (0.016) ; 58429 (0.016) ; nlsj107632 (0.015) ; 90504 (0.014) ; 33424 (0.014) ; 24444 (0.014) ; 
0.012117008418837193   T=0,K=3:  110598 (0.034) ; 104429 (0.028) ; 62204 (0.023) ; 31945 (0.019) ; 1377 (0.019) ; 97132 (0.018) ; 79335 (0.018) ; 58429 (0.015) ; 60308 (0.015) ; 75552 (0.013) ; 
0.004265111793651288   T=0,K=4:  111486 (0.030) ; 84494 (0.026) ; 68641 (0.024) ; 59295 (0.021) ; 27210 (0.019) ; nlsj29289 (0.018) ; 11583 (0.014) ; 58429 (0.012) ; 112794 (0.012) ; 108660 (0.011) ; 
0.05402486541812749   T=0,K=5:  45996 (0.023) ; 97148 (0.020) ; 260 (0.017) ; 84434 (0.017) ; 63713 (0.016) ; 84234 (0.014) ; 57457 (0.014) ; 22209 (0.014) ; 84494 (0.012) ; 58429 (0.012) ; 
0.02206713773340345   T=0,K=6:  116416 (0.028) ; 28588 (0.026) ; 15893 (0.025) ; 106502 (0.018) ; 112720 (0.017) ; 31565 (0.015) ; 110606 (0.014) ; 71314 (0.014) ; 11970 (0.012) ; 72202 (0.011) ; 
0.1745619890788494   T=0,K=7:  85306 (0.053) ; 98925 (0.036) ; 22209 (0.023) ; 45996 (0.014) ; 61791 (0.013) ; 97150 (0.012) ; 46612 (0.011) ; 2654 (0.011) ; 63845 (0.011) ; 27847 (0.010) ; 
0.30944756919841626   T=0,K=8:  80327 (0.070) ; 27847 (0.030) ; 13016 (0.024) ; 41024 (0.020) ; 85306 (0.019) ; 97121 (0.018) ; 45996 (0.015) ; 49875 (0.014) ; 86083 (0.013) ; 106974 (0.013) ; 
0.018587016177190576   T=0,K=9:  22209 (0.049) ; 31161 (0.044) ; nlsj56179 (0.017) ; nlsj76838 (0.016) ; 58429 (0.015) ; 78297 (0.015) ; 84234 (0.010) ; 56840 (0.009) ; 59708 (0.009) ; 45996 (0.009) ; 
0.007870729491854439   T=0,K=10:  22209 (0.032) ; 45996 (0.025) ; 68641 (0.021) ; 60308 (0.013) ; 65552 (0.012) ; 67762 (0.011) ; 103005 (0.011) ; 62204 (0.010) ; 114624 (0.009) ; 24444 (0.009) ; 
0.04322835506044534   T=0,K=11:  24440 (0.028) ; 86112 (0.024) ; nlsj76838 (0.022) ; 260 (0.021) ; 84494 (0.020) ; 6905 (0.016) ; 58429 (0.016) ; 20019 (0.015) ; 85306 (0.014) ; 115102 (0.012) ; 
0.018177930900880886   T=0,K=12:  58429 (0.024) ; 95100 (0.018) ; 41018 (0.014) ; 86219 (0.013) ; nlsj56179 (0.012) ; 68641 (0.012) ; 55544 (0.011) ; 85306 (0.010) ; 84039 (0.010) ; 58386 (0.009) ; 
0.19565485965019597   T=0,K=13:  80043 (0.039) ; 59794 (0.019) ; 49875 (0.015) ; 85306 (0.015) ; 102096 (0.014) ; 58429 (0.012) ; 5607 (0.012) ; 42827 (0.011) ; 6339 (0.011) ; 12965 (0.011) ; 
0.04085584947467766   T=0,K=14:  45996 (0.059) ; 58429 (0.034) ; 84494 (0.033) ; nlsj11198 (0.030) ; 84234 (0.020) ; 41416 (0.018) ; 116416 (0.018) ; 52332 (0.014) ; 64866 (0.013) ; 22100 (0.010) ; 

Time=1  
0.012783945749384013   T=1,K=0:  22209 (0.029) ; 93478 (0.017) ; 96160 (0.015) ; 84234 (0.014) ; 49875 (0.014) ; 73750 (0.013) ; 47007 (0.013) ; 31161 (0.012) ; 50702 (0.012) ; 114972 (0.011) ; 
0.0241193127146587   T=1,K=1:  2665 (0.034) ; 84434 (0.024) ; 58429 (0.019) ; 4076 (0.017) ; 31236 (0.017) ; 27847 (0.016) ; 34451 (0.015) ; 75552 (0.014) ; nlsj32160 (0.014) ; 74127 (0.013) ; 
0.014822494165116554   T=1,K=2:  72610 (0.078) ; 68641 (0.032) ; 26886 (0.021) ; 8665 (0.019) ; 24444 (0.017) ; nlsj32160 (0.014) ; 85306 (0.014) ; 33424 (0.013) ; 90504 (0.013) ; 103972 (0.012) ; 
0.014805766240529853   T=1,K=3:  110598 (0.025) ; 1377 (0.024) ; 104429 (0.019) ; 75552 (0.015) ; 62204 (0.014) ; 58429 (0.013) ; nlsj6956 (0.013) ; 79335 (0.013) ; 60308 (0.013) ; 26447 (0.012) ; 
0.0017724390102365798   T=1,K=4:  59295 (0.032) ; 111486 (0.020) ; 68641 (0.018) ; 84494 (0.017) ; 65552 (0.014) ; 11583 (0.014) ; nlsj29289 (0.013) ; 112794 (0.013) ; 45996 (0.011) ; 78297 (0.011) ; 
0.08934860719644515   T=1,K=5:  97148 (0.024) ; 45996 (0.021) ; 58429 (0.015) ; 84494 (0.015) ; 22209 (0.014) ; 93320 (0.014) ; 84234 (0.014) ; 84434 (0.013) ; 260 (0.013) ; 65552 (0.012) ; 
0.03825474978354097   T=1,K=6:  116416 (0.023) ; 106502 (0.020) ; 110606 (0.019) ; 15893 (0.019) ; 28588 (0.018) ; 31565 (0.017) ; 110639 (0.014) ; 102000 (0.013) ; 22100 (0.013) ; 84202 (0.013) ; 
0.1586930060190742   T=1,K=7:  22209 (0.054) ; 85306 (0.041) ; 61791 (0.017) ; 63845 (0.015) ; 30989 (0.013) ; 51826 (0.013) ; 97150 (0.013) ; 98925 (0.012) ; 67132 (0.010) ; 2654 (0.009) ; 
0.27022781771827853   T=1,K=8:  80327 (0.041) ; 27847 (0.034) ; 85306 (0.023) ; 41024 (0.022) ; 97121 (0.020) ; 13016 (0.019) ; 45996 (0.016) ; 106974 (0.012) ; 86083 (0.012) ; 110114 (0.012) ; 
0.02017015973054618   T=1,K=9:  22209 (0.044) ; 31161 (0.038) ; nlsj76838 (0.017) ; 58429 (0.016) ; 84494 (0.013) ; nlsj56179 (0.012) ; 42827 (0.012) ; 78297 (0.009) ; 24289 (0.008) ; 59708 (0.008) ; 
0.031003483092637035   T=1,K=10:  45996 (0.032) ; 68641 (0.022) ; 22209 (0.022) ; 24444 (0.016) ; 114624 (0.015) ; 62204 (0.013) ; 65552 (0.012) ; 67762 (0.011) ; 83774 (0.011) ; nlsj14967 (0.009) ; 
0.15844101425586118   T=1,K=11:  24440 (0.032) ; nlsj76838 (0.028) ; 58429 (0.023) ; 260 (0.023) ; 84494 (0.017) ; 20019 (0.012) ; 24444 (0.012) ; 86112 (0.012) ; 85306 (0.011) ; 40154 (0.010) ; 
0.009709687166045413   T=1,K=12:  86219 (0.028) ; 41018 (0.024) ; 58429 (0.023) ; nlsj56179 (0.015) ; 19972 (0.012) ; 95100 (0.011) ; 68641 (0.011) ; 55544 (0.010) ; 60003 (0.009) ; 85306 (0.008) ; 
0.08893207178644841   T=1,K=13:  80043 (0.021) ; 85306 (0.016) ; 6339 (0.015) ; 12965 (0.013) ; 33059 (0.013) ; 102096 (0.013) ; 114548 (0.012) ; 49875 (0.012) ; 66295 (0.011) ; 116416 (0.011) ; 
0.06691544537119737   T=1,K=14:  45996 (0.063) ; 58429 (0.040) ; 116416 (0.030) ; 84494 (0.024) ; nlsj11198 (0.020) ; 64866 (0.020) ; 41416 (0.018) ; 84234 (0.016) ; 52332 (0.011) ; 86112 (0.010) ; 

Time=2  
0.03547749296003144   T=2,K=0:  70958 (0.020) ; 49875 (0.017) ; 84234 (0.016) ; 22209 (0.015) ; 114972 (0.013) ; 114558 (0.013) ; 93478 (0.013) ; 31161 (0.012) ; 47007 (0.012) ; 28569 (0.012) ; 
0.04066166434556949   T=2,K=1:  58429 (0.031) ; 84434 (0.019) ; 27847 (0.018) ; 2665 (0.016) ; 34451 (0.016) ; 75552 (0.015) ; 31236 (0.015) ; 4076 (0.015) ; 52332 (0.013) ; 45996 (0.010) ; 
0.03313132736377495   T=2,K=2:  72610 (0.060) ; 8665 (0.022) ; 26886 (0.017) ; 24444 (0.016) ; 84494 (0.015) ; 68641 (0.015) ; 85306 (0.014) ; 84234 (0.013) ; 103972 (0.011) ; 58429 (0.011) ; 
0.04625581112361869   T=2,K=3:  1377 (0.023) ; 104429 (0.022) ; 110598 (0.020) ; 58429 (0.018) ; 79335 (0.016) ; 27847 (0.013) ; 75552 (0.013) ; 62204 (0.012) ; 26447 (0.012) ; 84434 (0.011) ; 
0.007613895829708527   T=2,K=4:  59295 (0.022) ; 111486 (0.017) ; 68641 (0.015) ; 114548 (0.013) ; 108660 (0.013) ; nlsj29289 (0.013) ; 11583 (0.013) ; 58429 (0.012) ; 113060 (0.012) ; 31607 (0.011) ; 
0.0484267496227571   T=2,K=5:  45996 (0.027) ; 97148 (0.021) ; 22209 (0.019) ; 84434 (0.016) ; 84494 (0.015) ; 58429 (0.014) ; 57457 (0.012) ; 65552 (0.011) ; 260 (0.010) ; 26197 (0.010) ; 
0.03644398480769643   T=2,K=6:  116416 (0.027) ; 106502 (0.027) ; 31565 (0.020) ; 110639 (0.017) ; 84202 (0.014) ; 28588 (0.014) ; 102000 (0.014) ; 15893 (0.013) ; 110606 (0.011) ; 22100 (0.010) ; 
0.11629134083483028   T=2,K=7:  22209 (0.039) ; 63845 (0.033) ; 85306 (0.031) ; 61791 (0.015) ; 2654 (0.014) ; 98925 (0.013) ; 84422 (0.011) ; 30989 (0.010) ; 45996 (0.010) ; 67132 (0.009) ; 
0.06051715019053073   T=2,K=8:  80327 (0.040) ; 27847 (0.040) ; 41024 (0.020) ; 85306 (0.019) ; 45996 (0.016) ; 86083 (0.015) ; 57456 (0.014) ; 97121 (0.013) ; 13016 (0.011) ; nlsj76838 (0.010) ; 
0.015555319389507953   T=2,K=9:  22209 (0.038) ; 84234 (0.026) ; 31161 (0.022) ; nlsj76838 (0.015) ; 58429 (0.015) ; 27847 (0.012) ; 84494 (0.011) ; 42827 (0.011) ; 80557 (0.010) ; 104421 (0.009) ; 
0.07065923360614797   T=2,K=10:  22209 (0.026) ; 45996 (0.023) ; 62204 (0.017) ; 68641 (0.016) ; 65552 (0.015) ; 24444 (0.014) ; 67762 (0.012) ; 85306 (0.012) ; 26943 (0.010) ; 106502 (0.010) ; 
0.1540904738076151   T=2,K=11:  260 (0.023) ; 58429 (0.023) ; nlsj76838 (0.022) ; 24440 (0.022) ; 24444 (0.021) ; 84234 (0.016) ; 84494 (0.013) ; 85306 (0.013) ; 86112 (0.012) ; 20019 (0.012) ; 
0.025451291865870692   T=2,K=12:  86219 (0.033) ; 95100 (0.021) ; 41018 (0.021) ; 58429 (0.018) ; nlsj56179 (0.013) ; 55544 (0.010) ; 19972 (0.010) ; 68641 (0.009) ; 85306 (0.009) ; 20213 (0.009) ; 
0.09223342375932456   T=2,K=13:  80043 (0.018) ; 102096 (0.015) ; 49875 (0.015) ; 45996 (0.015) ; 85306 (0.014) ; 22502 (0.014) ; 12965 (0.014) ; 6339 (0.013) ; 116416 (0.012) ; 110606 (0.011) ; 
0.21719084049301615   T=2,K=14:  45996 (0.042) ; 58429 (0.031) ; 84494 (0.024) ; 64866 (0.020) ; 116416 (0.018) ; nlsj11198 (0.015) ; 84234 (0.014) ; 72627 (0.014) ; 86112 (0.013) ; 52332 (0.012) ; 

Time=3  
0.06294716120101274   T=3,K=0:  70958 (0.023) ; 93478 (0.019) ; 28569 (0.014) ; 22209 (0.013) ; 12035 (0.012) ; 84234 (0.012) ; 49875 (0.012) ; 83711 (0.011) ; 91372 (0.010) ; 100965 (0.010) ; 
0.12067498549375832   T=3,K=1:  58429 (0.031) ; 84434 (0.019) ; 75552 (0.014) ; 4076 (0.014) ; 43206 (0.014) ; nlsj32160 (0.014) ; 2665 (0.013) ; 84494 (0.012) ; 34451 (0.012) ; 27847 (0.012) ; 
0.03821047131515306   T=3,K=2:  72610 (0.047) ; 8665 (0.025) ; 22209 (0.017) ; 26886 (0.017) ; 24444 (0.015) ; 58429 (0.013) ; 85306 (0.013) ; 83665 (0.012) ; 33424 (0.011) ; 37210 (0.011) ; 
0.05303048943524362   T=3,K=3:  58429 (0.027) ; 1377 (0.023) ; 104429 (0.020) ; 75552 (0.017) ; 84434 (0.016) ; 110598 (0.015) ; 62204 (0.014) ; 27847 (0.013) ; 31161 (0.013) ; nlsj6956 (0.013) ; 
0.012096856937550403   T=3,K=4:  111486 (0.016) ; 11583 (0.015) ; nlsj29289 (0.015) ; 45996 (0.015) ; 62204 (0.013) ; 114548 (0.012) ; 112794 (0.012) ; 59295 (0.011) ; 68641 (0.011) ; 65552 (0.011) ; 
0.0454006010917729   T=3,K=5:  45996 (0.022) ; 22209 (0.021) ; 97148 (0.020) ; 84434 (0.017) ; 98234 (0.012) ; 58429 (0.011) ; 57457 (0.011) ; 45936 (0.010) ; 114624 (0.010) ; 65552 (0.010) ; 
0.007408386134702074   T=3,K=6:  106502 (0.023) ; 110639 (0.019) ; 116416 (0.016) ; 28588 (0.014) ; 84202 (0.013) ; 15893 (0.013) ; 102000 (0.011) ; 20594 (0.010) ; 31565 (0.010) ; nlsj2454 (0.009) ; 
0.06885417037142419   T=3,K=7:  22209 (0.075) ; 63845 (0.028) ; 85306 (0.025) ; 61791 (0.014) ; 45996 (0.013) ; 30989 (0.012) ; 67132 (0.011) ; 98925 (0.009) ; 2654 (0.008) ; 71308 (0.008) ; 
0.023481874349841825   T=3,K=8:  27847 (0.033) ; 80327 (0.028) ; 85306 (0.025) ; 45996 (0.020) ; 97121 (0.016) ; 41024 (0.012) ; 86083 (0.011) ; 13016 (0.011) ; 60340 (0.010) ; 114753 (0.009) ; 
0.038113068322462626   T=3,K=9:  22209 (0.047) ; 84234 (0.034) ; nlsj76838 (0.020) ; 31161 (0.014) ; 58429 (0.014) ; 104421 (0.012) ; nlsj56179 (0.009) ; 84494 (0.009) ; 95898 (0.008) ; 37343 (0.008) ; 
0.1290315257846302   T=3,K=10:  45996 (0.029) ; 68641 (0.023) ; 22209 (0.017) ; 62204 (0.014) ; 85306 (0.013) ; 65552 (0.013) ; 106502 (0.013) ; 24444 (0.012) ; 112833 (0.010) ; 28569 (0.009) ; 
0.1379117835205918   T=3,K=11:  260 (0.022) ; 58429 (0.020) ; 24444 (0.018) ; 84234 (0.017) ; nlsj76838 (0.015) ; 84494 (0.015) ; 86112 (0.013) ; 24440 (0.012) ; 20019 (0.012) ; 85306 (0.010) ; 
0.013652381299880768   T=3,K=12:  86219 (0.035) ; 95100 (0.023) ; 41018 (0.014) ; 58429 (0.014) ; 20213 (0.010) ; 85306 (0.010) ; 19972 (0.009) ; 68641 (0.009) ; 108850 (0.008) ; nlsj56179 (0.008) ; 
0.17736312372042637   T=3,K=13:  49875 (0.018) ; 45996 (0.018) ; 102096 (0.017) ; 85306 (0.012) ; 22502 (0.012) ; 116416 (0.011) ; 84494 (0.010) ; 114548 (0.010) ; 5607 (0.010) ; 110606 (0.010) ; 
0.07182312102154913   T=3,K=14:  45996 (0.046) ; 84494 (0.032) ; 116416 (0.021) ; 58429 (0.017) ; 41416 (0.011) ; nlsj11198 (0.010) ; 72627 (0.010) ; 64866 (0.010) ; 84234 (0.010) ; 22100 (0.010) ; 

Time=4  
0.01783209294392187   T=4,K=0:  22209 (0.018) ; 93478 (0.017) ; 106566 (0.014) ; 70958 (0.013) ; 83711 (0.013) ; 28569 (0.011) ; 81863 (0.011) ; 49875 (0.010) ; 102381 (0.010) ; nlsj76838 (0.009) ; 
0.14498957049860522   T=4,K=1:  58429 (0.025) ; 84434 (0.017) ; nlsj56179 (0.013) ; 27847 (0.013) ; 84494 (0.013) ; 31236 (0.013) ; 24440 (0.011) ; 43206 (0.010) ; 75552 (0.010) ; 45996 (0.010) ; 
0.08127132650293141   T=4,K=2:  58429 (0.023) ; 22209 (0.019) ; 72610 (0.018) ; 8665 (0.017) ; 24444 (0.016) ; 85306 (0.015) ; 26886 (0.013) ; 84234 (0.013) ; 84494 (0.012) ; 20621 (0.010) ; 
0.04135458896902618   T=4,K=3:  58429 (0.024) ; 84434 (0.022) ; 27847 (0.017) ; 75552 (0.014) ; nlsj6956 (0.014) ; 62204 (0.013) ; 104429 (0.013) ; 1377 (0.012) ; 31945 (0.012) ; 84494 (0.011) ; 
0.03245665259677969   T=4,K=4:  nlsj29289 (0.018) ; 11583 (0.016) ; 68641 (0.015) ; 114548 (0.015) ; 45996 (0.015) ; 62204 (0.014) ; 112794 (0.013) ; 59295 (0.012) ; 65552 (0.012) ; 108660 (0.011) ; 
0.09144739359270798   T=4,K=5:  45996 (0.018) ; 84494 (0.016) ; 84434 (0.015) ; 97148 (0.014) ; 22209 (0.012) ; 98234 (0.012) ; 57457 (0.010) ; 45936 (0.010) ; 80043 (0.009) ; 58429 (0.009) ; 
0.02295446756951418   T=4,K=6:  28588 (0.023) ; 106502 (0.020) ; 102000 (0.014) ; 110639 (0.013) ; 104355 (0.013) ; 15893 (0.011) ; 84202 (0.011) ; 22100 (0.011) ; 31565 (0.011) ; 112720 (0.010) ; 
0.024462058840384503   T=4,K=7:  22209 (0.039) ; 85306 (0.027) ; 45996 (0.021) ; 67132 (0.011) ; 2654 (0.011) ; 61791 (0.011) ; 63845 (0.009) ; 27847 (0.008) ; 97132 (0.008) ; 98925 (0.007) ; 
0.03772608979200973   T=4,K=8:  27847 (0.025) ; 80327 (0.017) ; 45996 (0.014) ; 97121 (0.013) ; 71023 (0.013) ; 85306 (0.013) ; 60340 (0.010) ; 86083 (0.010) ; 19546 (0.009) ; 98323 (0.009) ; 
0.06708758481973984   T=4,K=9:  22209 (0.034) ; 84234 (0.027) ; 58429 (0.020) ; nlsj76838 (0.017) ; 104421 (0.013) ; 31161 (0.010) ; 110114 (0.008) ; 59708 (0.008) ; 72287 (0.007) ; 27847 (0.007) ; 
0.06977492520475581   T=4,K=10:  45996 (0.026) ; 85306 (0.017) ; 68641 (0.017) ; 22209 (0.017) ; 24444 (0.014) ; 62204 (0.011) ; 65552 (0.010) ; 84234 (0.010) ; 8909 (0.009) ; 28569 (0.009) ; 
0.22451131823277126   T=4,K=11:  58429 (0.032) ; 84494 (0.018) ; 84234 (0.015) ; 22209 (0.013) ; nlsj76838 (0.012) ; 260 (0.012) ; 85306 (0.011) ; 24444 (0.011) ; 86219 (0.010) ; 72287 (0.010) ; 
0.027985657018862596   T=4,K=12:  41018 (0.022) ; 95100 (0.017) ; 58429 (0.016) ; 86219 (0.013) ; 85306 (0.009) ; 80043 (0.009) ; 60340 (0.008) ; 100921 (0.008) ; nlsj65911 (0.007) ; 98894 (0.007) ; 
0.0373932267847937   T=4,K=13:  45996 (0.026) ; 116416 (0.021) ; 49875 (0.018) ; 6339 (0.014) ; 22502 (0.012) ; 85306 (0.012) ; 102096 (0.009) ; 80043 (0.009) ; 68641 (0.009) ; 114548 (0.009) ; 
0.07875304663319603   T=4,K=14:  45996 (0.031) ; 58429 (0.019) ; 84494 (0.018) ; 116416 (0.015) ; 41416 (0.010) ; 72627 (0.010) ; 22100 (0.010) ; 86112 (0.010) ; 84234 (0.009) ; nlsj11198 (0.009) ; 

Time=5  
0.04640589013830798   T=5,K=0:  22209 (0.017) ; 106566 (0.014) ; 60003 (0.014) ; 84494 (0.012) ; 61791 (0.012) ; 81863 (0.011) ; 93478 (0.010) ; 73742 (0.010) ; 100965 (0.010) ; 28569 (0.009) ; 
0.11450783447223789   T=5,K=1:  58429 (0.021) ; 84434 (0.014) ; nlsj56179 (0.012) ; 31236 (0.012) ; 43206 (0.012) ; 27847 (0.012) ; 84494 (0.011) ; 24440 (0.010) ; 52332 (0.010) ; 75552 (0.008) ; 
0.07322000602139028   T=5,K=2:  24444 (0.021) ; 58429 (0.019) ; 85306 (0.017) ; 72610 (0.017) ; 90504 (0.014) ; 22209 (0.013) ; 63772 (0.012) ; 62204 (0.010) ; 19972 (0.010) ; 8665 (0.010) ; 
0.061162193132185856   T=5,K=3:  58429 (0.027) ; nlsj6956 (0.027) ; 75552 (0.024) ; 84434 (0.020) ; 27847 (0.016) ; 1377 (0.013) ; 62204 (0.013) ; 104429 (0.011) ; 31161 (0.011) ; 86219 (0.010) ; 
0.03134982959790933   T=5,K=4:  nlsj29289 (0.018) ; 112794 (0.014) ; 45996 (0.013) ; 68641 (0.013) ; 11583 (0.013) ; 37851 (0.013) ; 62204 (0.012) ; 65552 (0.011) ; 84234 (0.010) ; 84494 (0.010) ; 
0.06360472944483561   T=5,K=5:  84434 (0.020) ; 45996 (0.016) ; 22209 (0.016) ; 97148 (0.013) ; 84494 (0.010) ; 58429 (0.010) ; 80043 (0.009) ; 20621 (0.009) ; 24342 (0.009) ; 70958 (0.009) ; 
0.052552734180638404   T=5,K=6:  102000 (0.017) ; 28588 (0.016) ; 22100 (0.014) ; 106502 (0.013) ; 28569 (0.012) ; 102096 (0.012) ; 110243 (0.011) ; 57456 (0.010) ; 110606 (0.010) ; 110639 (0.009) ; 
0.02646760628882703   T=5,K=7:  22209 (0.045) ; 45996 (0.026) ; 85306 (0.017) ; 2654 (0.010) ; 84234 (0.010) ; 67132 (0.009) ; 63845 (0.008) ; 46612 (0.008) ; 84494 (0.008) ; 61791 (0.007) ; 
0.04448686099223322   T=5,K=8:  27847 (0.022) ; 45996 (0.017) ; 71023 (0.016) ; 19546 (0.016) ; 85306 (0.014) ; 80327 (0.013) ; 97121 (0.013) ; 36570 (0.010) ; 23069 (0.009) ; 13016 (0.008) ; 
0.049772770349516646   T=5,K=9:  84234 (0.024) ; 22209 (0.018) ; nlsj76838 (0.013) ; 31161 (0.011) ; 27847 (0.010) ; 58429 (0.010) ; 59708 (0.009) ; 42827 (0.009) ; 45996 (0.009) ; 104421 (0.008) ; 
0.186995425170644   T=5,K=10:  45996 (0.027) ; 85306 (0.023) ; 22209 (0.018) ; 84234 (0.013) ; 24444 (0.011) ; 67762 (0.010) ; 86184 (0.010) ; 58429 (0.009) ; 65552 (0.009) ; 68641 (0.009) ; 
0.09294041377085238   T=5,K=11:  58429 (0.025) ; 22209 (0.019) ; 84494 (0.017) ; nlsj76838 (0.016) ; 84234 (0.014) ; 85306 (0.012) ; 86219 (0.010) ; 86112 (0.009) ; 260 (0.008) ; 1377 (0.008) ; 
0.02795124880315706   T=5,K=12:  58429 (0.022) ; 95100 (0.016) ; 41018 (0.010) ; 19972 (0.010) ; 85306 (0.009) ; 61016 (0.009) ; 86219 (0.009) ; 98894 (0.008) ; 524 (0.008) ; 20213 (0.007) ; 
0.07797332650156069   T=5,K=13:  45996 (0.027) ; 116416 (0.018) ; 49875 (0.017) ; 85306 (0.015) ; 22502 (0.014) ; 68641 (0.012) ; 110606 (0.010) ; 84494 (0.010) ; 5607 (0.010) ; 115193 (0.009) ; 
0.05060913113570352   T=5,K=14:  84494 (0.025) ; 45996 (0.022) ; 116416 (0.019) ; 11583 (0.015) ; 58429 (0.011) ; 72627 (0.011) ; 84234 (0.010) ; 86112 (0.010) ; nlsj11198 (0.009) ; 1093 (0.008) ; 

Time=6  
0.05818517253980816   T=6,K=0:  106566 (0.016) ; 22209 (0.015) ; 73742 (0.013) ; 61791 (0.012) ; 28569 (0.011) ; 60003 (0.011) ; 102381 (0.010) ; 49875 (0.010) ; 81863 (0.009) ; 91372 (0.009) ; 
0.11118843650169669   T=6,K=1:  nlsj56179 (0.021) ; 84434 (0.020) ; 45996 (0.016) ; 58429 (0.014) ; 84494 (0.010) ; 24440 (0.010) ; 43206 (0.010) ; 75552 (0.009) ; 24444 (0.008) ; 52332 (0.008) ; 
0.09848485487965805   T=6,K=2:  58429 (0.019) ; 22209 (0.018) ; 85306 (0.016) ; 8665 (0.014) ; 63772 (0.013) ; 72610 (0.013) ; 90504 (0.012) ; 48291 (0.010) ; 84511 (0.010) ; 26886 (0.009) ; 
0.05034152485044675   T=6,K=3:  58429 (0.022) ; 84434 (0.017) ; 75552 (0.015) ; 27847 (0.014) ; nlsj6956 (0.014) ; 45996 (0.013) ; 62204 (0.013) ; 16862 (0.012) ; 1377 (0.011) ; 86219 (0.011) ; 
0.03738447125135351   T=6,K=4:  nlsj29289 (0.028) ; 45996 (0.019) ; 65552 (0.013) ; 11583 (0.011) ; 114548 (0.010) ; 108660 (0.010) ; 62204 (0.010) ; 46646 (0.009) ; 63772 (0.009) ; 8909 (0.009) ; 
0.11416728071346399   T=6,K=5:  45996 (0.018) ; 84434 (0.017) ; 22209 (0.016) ; 70958 (0.010) ; 114624 (0.010) ; 97148 (0.010) ; 52035 (0.009) ; 84494 (0.008) ; 20621 (0.008) ; 84234 (0.008) ; 
0.06395355292939008   T=6,K=6:  45996 (0.016) ; 102000 (0.014) ; 28588 (0.014) ; 19346 (0.012) ; 22100 (0.012) ; 72254 (0.011) ; 112720 (0.010) ; 2764 (0.010) ; 110606 (0.010) ; 102096 (0.009) ; 
0.050694554374040315   T=6,K=7:  22209 (0.028) ; 45996 (0.026) ; 85306 (0.017) ; 63845 (0.013) ; 97132 (0.010) ; 84422 (0.009) ; 84494 (0.009) ; 46612 (0.008) ; 67132 (0.007) ; 58429 (0.007) ; 
0.03285317527733703   T=6,K=8:  27847 (0.027) ; 45996 (0.025) ; 19546 (0.016) ; 97121 (0.014) ; 85306 (0.013) ; 23069 (0.011) ; 71023 (0.011) ; 106974 (0.010) ; 13016 (0.009) ; 58429 (0.008) ; 
0.09862412196307653   T=6,K=9:  22209 (0.017) ; 31161 (0.017) ; 45996 (0.012) ; nlsj76838 (0.011) ; 84234 (0.010) ; 59708 (0.010) ; 27847 (0.009) ; 110114 (0.009) ; 42827 (0.009) ; 58429 (0.008) ; 
0.047395710330960704   T=6,K=10:  45996 (0.028) ; 22209 (0.016) ; 85306 (0.013) ; 24444 (0.011) ; 84234 (0.010) ; 67762 (0.010) ; 65552 (0.009) ; 15893 (0.009) ; 58429 (0.008) ; 68641 (0.008) ; 
0.0515856274813668   T=6,K=11:  58429 (0.029) ; 45996 (0.020) ; 84494 (0.018) ; nlsj76838 (0.017) ; 22209 (0.016) ; 43206 (0.012) ; 1377 (0.010) ; 24440 (0.010) ; 85306 (0.010) ; 86112 (0.009) ; 
0.014547643859373278   T=6,K=12:  58429 (0.019) ; 95100 (0.018) ; 19972 (0.010) ; 18331 (0.009) ; 60003 (0.009) ; 86219 (0.009) ; nlsj65911 (0.008) ; 14641 (0.008) ; 61016 (0.007) ; 85306 (0.007) ; 
0.05772214369129389   T=6,K=13:  45996 (0.026) ; 85306 (0.017) ; 49875 (0.015) ; 68641 (0.013) ; 22502 (0.012) ; 116416 (0.012) ; 5607 (0.011) ; nlsj107632 (0.010) ; 80011 (0.009) ; 110606 (0.008) ; 
0.11287172935673462   T=6,K=14:  84494 (0.028) ; 45996 (0.019) ; 11583 (0.015) ; 116416 (0.013) ; 72627 (0.011) ; 58429 (0.010) ; 84234 (0.009) ; 74126 (0.008) ; 8665 (0.008) ; 86112 (0.008) ; 

Time=7  
0.029025924665263114   T=7,K=0:  106566 (0.018) ; 49875 (0.015) ; 73742 (0.015) ; 22209 (0.015) ; 61791 (0.014) ; 28569 (0.014) ; 81863 (0.014) ; nlsj61372 (0.012) ; 100965 (0.010) ; 102381 (0.010) ; 
0.08105580415924087   T=7,K=1:  45996 (0.024) ; 84434 (0.016) ; 58429 (0.013) ; 84234 (0.013) ; nlsj56179 (0.011) ; 31236 (0.010) ; 84494 (0.010) ; 52332 (0.010) ; 43206 (0.010) ; 75552 (0.010) ; 
0.05328976649950721   T=7,K=2:  58429 (0.018) ; 8665 (0.017) ; 85306 (0.016) ; 22209 (0.015) ; 48291 (0.014) ; 72610 (0.014) ; 62204 (0.010) ; 26886 (0.010) ; 63772 (0.010) ; nlsj14967 (0.010) ; 
0.0671369369453062   T=7,K=3:  58429 (0.015) ; 72357 (0.013) ; nlsj6956 (0.013) ; 62204 (0.012) ; 45996 (0.012) ; 2665 (0.011) ; 16862 (0.011) ; 75552 (0.011) ; 27847 (0.010) ; 26447 (0.010) ; 
0.04962687266785815   T=7,K=4:  nlsj29289 (0.015) ; 8909 (0.014) ; 114548 (0.013) ; 84234 (0.012) ; 45996 (0.011) ; nlsj14967 (0.011) ; 68641 (0.010) ; 65552 (0.009) ; 63772 (0.008) ; 51647 (0.008) ; 
0.12130519179098873   T=7,K=5:  45996 (0.016) ; 84434 (0.015) ; 22209 (0.013) ; 84494 (0.010) ; 26447 (0.009) ; 65552 (0.009) ; 70958 (0.009) ; 68641 (0.009) ; 114624 (0.009) ; 20621 (0.009) ; 
0.026978488752762438   T=7,K=6:  45996 (0.022) ; 102000 (0.017) ; 112720 (0.016) ; 72254 (0.012) ; 37931 (0.011) ; 106502 (0.011) ; 22100 (0.010) ; 52332 (0.010) ; 110243 (0.010) ; 79223 (0.010) ; 
0.08021803691044127   T=7,K=7:  45996 (0.015) ; 85306 (0.013) ; 22209 (0.011) ; 84422 (0.011) ; 84494 (0.011) ; 46612 (0.009) ; 84234 (0.009) ; 49875 (0.008) ; 86184 (0.008) ; 61791 (0.008) ; 
0.039223957942747384   T=7,K=8:  45996 (0.026) ; 85306 (0.021) ; 27847 (0.019) ; 80327 (0.016) ; 97121 (0.012) ; 19546 (0.011) ; 13016 (0.011) ; 66639 (0.009) ; 25186 (0.009) ; 71023 (0.009) ; 
0.11832988388931116   T=7,K=9:  22209 (0.015) ; 45996 (0.015) ; 31161 (0.012) ; nlsj76838 (0.011) ; nlsj71743 (0.009) ; 84234 (0.009) ; 19546 (0.009) ; 58429 (0.008) ; nlsj2087 (0.008) ; 110114 (0.007) ; 
0.058510144195382786   T=7,K=10:  45996 (0.023) ; 22209 (0.022) ; 67762 (0.014) ; 85306 (0.013) ; 84234 (0.011) ; 65552 (0.011) ; 15893 (0.010) ; 83774 (0.009) ; 68641 (0.009) ; 63772 (0.009) ; 
0.08805154476980827   T=7,K=11:  84494 (0.022) ; 58429 (0.020) ; 45996 (0.019) ; nlsj76838 (0.015) ; 43206 (0.014) ; 22209 (0.009) ; 260 (0.008) ; 85306 (0.008) ; 84234 (0.008) ; 63772 (0.008) ; 
0.06594128599192428   T=7,K=12:  58429 (0.030) ; 95100 (0.021) ; 18331 (0.013) ; 60003 (0.010) ; 97143 (0.009) ; nlsj65911 (0.008) ; 85306 (0.008) ; 61016 (0.007) ; 19972 (0.007) ; 99045 (0.007) ; 
0.03201201366112735   T=7,K=13:  45996 (0.033) ; 85306 (0.023) ; 49875 (0.020) ; 22502 (0.019) ; nlsj107632 (0.018) ; 5607 (0.013) ; 80011 (0.010) ; nlsj76838 (0.010) ; 68641 (0.010) ; 115235 (0.009) ; 
0.0892941471583307   T=7,K=14:  11583 (0.015) ; 58386 (0.015) ; 58429 (0.013) ; 45996 (0.012) ; 62204 (0.012) ; 84494 (0.012) ; 84234 (0.011) ; 74126 (0.009) ; 8665 (0.009) ; 44964 (0.008) ; 

Time=8  
0.030363124337077142   T=8,K=0:  49875 (0.021) ; 106566 (0.018) ; nlsj61372 (0.013) ; 28569 (0.013) ; 60003 (0.012) ; 73742 (0.011) ; 81863 (0.010) ; 84234 (0.010) ; 61791 (0.009) ; 22209 (0.009) ; 
0.08882353325526705   T=8,K=1:  45996 (0.017) ; 75552 (0.014) ; 31236 (0.014) ; 84234 (0.012) ; 58429 (0.011) ; 43206 (0.011) ; 46613 (0.010) ; 68641 (0.010) ; 84494 (0.010) ; nlsj56179 (0.010) ; 
0.09496861834752997   T=8,K=2:  58429 (0.019) ; 22209 (0.017) ; 48291 (0.013) ; 63772 (0.013) ; 85306 (0.013) ; 8665 (0.013) ; 72610 (0.012) ; 62204 (0.010) ; 84494 (0.010) ; 109333 (0.009) ; 
0.037572628420402286   T=8,K=3:  58429 (0.020) ; nlsj6956 (0.015) ; 72357 (0.015) ; 31161 (0.013) ; 75552 (0.012) ; 45996 (0.011) ; 27847 (0.011) ; 62204 (0.011) ; 26447 (0.010) ; 48291 (0.010) ; 
0.05147775882229943   T=8,K=4:  8909 (0.019) ; 45996 (0.019) ; nlsj29289 (0.015) ; 114548 (0.010) ; 68641 (0.010) ; 63772 (0.010) ; 93802 (0.010) ; 62204 (0.009) ; nlsj14967 (0.009) ; 90504 (0.009) ; 
0.10504867241600858   T=8,K=5:  84494 (0.017) ; 45996 (0.016) ; 68641 (0.013) ; 22209 (0.011) ; 25018 (0.011) ; 26447 (0.009) ; 65552 (0.009) ; 20621 (0.008) ; 84434 (0.008) ; 19546 (0.008) ; 
0.03192898799804529   T=8,K=6:  72254 (0.020) ; 45996 (0.018) ; 102000 (0.014) ; 106502 (0.014) ; 112720 (0.014) ; 110243 (0.011) ; 24436 (0.010) ; 104355 (0.009) ; 2764 (0.009) ; 78757 (0.009) ; 
0.048423455817119224   T=8,K=7:  45996 (0.025) ; 84494 (0.014) ; 85306 (0.014) ; 31161 (0.011) ; 84234 (0.011) ; 22209 (0.010) ; 116416 (0.010) ; 46612 (0.009) ; 58429 (0.008) ; 90122 (0.008) ; 
0.040905133213457914   T=8,K=8:  45996 (0.023) ; 97121 (0.017) ; 23069 (0.017) ; 80327 (0.016) ; 102000 (0.015) ; 13016 (0.014) ; 98323 (0.013) ; 27847 (0.013) ; 85306 (0.013) ; 86219 (0.010) ; 
0.1037198520903359   T=8,K=9:  84234 (0.011) ; 102000 (0.011) ; 45996 (0.011) ; 19546 (0.010) ; 27847 (0.007) ; 104421 (0.007) ; 22209 (0.007) ; nlsj71743 (0.007) ; 26447 (0.007) ; 28002 (0.007) ; 
0.12020372480180257   T=8,K=10:  45996 (0.023) ; 22209 (0.017) ; 86184 (0.015) ; 85306 (0.014) ; 24444 (0.012) ; 84234 (0.011) ; 58429 (0.010) ; 63772 (0.009) ; 15893 (0.009) ; 65552 (0.008) ; 
0.05321622508335521   T=8,K=11:  43206 (0.027) ; nlsj76838 (0.025) ; 58429 (0.024) ; 84494 (0.023) ; 45996 (0.021) ; 84234 (0.011) ; 22209 (0.010) ; 63772 (0.010) ; 58386 (0.008) ; 85306 (0.006) ; 
0.062032101884127167   T=8,K=12:  58429 (0.023) ; 95100 (0.015) ; 60003 (0.013) ; nlsj65911 (0.010) ; 22209 (0.009) ; 76079 (0.009) ; 18331 (0.008) ; 45936 (0.008) ; 68641 (0.008) ; 98894 (0.008) ; 
0.0595098838494656   T=8,K=13:  45996 (0.030) ; 85306 (0.021) ; 49875 (0.015) ; 22502 (0.014) ; nlsj107632 (0.013) ; nlsj76838 (0.012) ; 48291 (0.012) ; 80011 (0.010) ; 33059 (0.008) ; 115887 (0.008) ; 
0.07180629966370662   T=8,K=14:  84234 (0.018) ; 58429 (0.016) ; 11583 (0.016) ; 58386 (0.015) ; 74126 (0.013) ; 62204 (0.012) ; 8909 (0.012) ; 98894 (0.009) ; 33819 (0.008) ; 45996 (0.008) ; 

Time=9  
0.026822622184324102   T=9,K=0:  49875 (0.048) ; 106566 (0.019) ; 28569 (0.016) ; 22209 (0.014) ; nlsj61372 (0.012) ; 81863 (0.012) ; 61791 (0.012) ; 60003 (0.011) ; 104355 (0.011) ; 80011 (0.011) ; 
0.13605295470734632   T=9,K=1:  58429 (0.020) ; 75552 (0.015) ; 45996 (0.013) ; nlsj56179 (0.012) ; 49875 (0.011) ; 84494 (0.011) ; 46613 (0.010) ; 97150 (0.010) ; 84234 (0.009) ; 31236 (0.009) ; 
0.07528982454528317   T=9,K=2:  58429 (0.015) ; 63772 (0.014) ; 48291 (0.014) ; 72610 (0.014) ; 62204 (0.014) ; 28188 (0.012) ; 8665 (0.012) ; 22209 (0.010) ; 84494 (0.010) ; 83963 (0.008) ; 
0.030257678375140085   T=9,K=3:  84422 (0.015) ; 62204 (0.015) ; 58429 (0.013) ; 75552 (0.013) ; 26447 (0.013) ; nlsj6956 (0.013) ; 74546 (0.012) ; 72357 (0.012) ; 16862 (0.011) ; 45996 (0.010) ; 
0.03430200934956112   T=9,K=4:  45996 (0.018) ; nlsj29289 (0.016) ; 84234 (0.014) ; nlsj14967 (0.012) ; 8909 (0.012) ; 108660 (0.012) ; 68641 (0.010) ; 23444 (0.010) ; 63772 (0.009) ; 62204 (0.009) ; 
0.06978167087918183   T=9,K=5:  22209 (0.013) ; 45996 (0.013) ; 19546 (0.013) ; 84494 (0.012) ; 114624 (0.010) ; 260 (0.010) ; 68641 (0.010) ; 70958 (0.009) ; 51373 (0.008) ; 25018 (0.007) ; 
0.059730037076239126   T=9,K=6:  45996 (0.019) ; 72254 (0.018) ; 112720 (0.017) ; 102000 (0.015) ; 110243 (0.013) ; 71314 (0.013) ; 106502 (0.012) ; 79223 (0.011) ; 90504 (0.010) ; 2764 (0.009) ; 
0.07358801796683828   T=9,K=7:  45996 (0.017) ; 116416 (0.012) ; 84422 (0.011) ; 58429 (0.011) ; 31161 (0.009) ; 22209 (0.008) ; 29883 (0.008) ; 64866 (0.008) ; 46612 (0.008) ; 2654 (0.008) ; 
0.03729193646023656   T=9,K=8:  102000 (0.023) ; 86219 (0.021) ; 98323 (0.020) ; 45996 (0.019) ; 13016 (0.016) ; 80327 (0.016) ; 23069 (0.014) ; 97121 (0.014) ; 85306 (0.014) ; 19972 (0.011) ; 
0.09237923256871713   T=9,K=9:  31161 (0.012) ; 27847 (0.012) ; nlsj71743 (0.009) ; 84234 (0.008) ; 45996 (0.007) ; 114753 (0.007) ; 22209 (0.007) ; 18107 (0.007) ; 102000 (0.007) ; 72287 (0.007) ; 
0.11092513845367025   T=9,K=10:  45996 (0.014) ; 24444 (0.012) ; 84234 (0.012) ; 22209 (0.011) ; 112833 (0.011) ; 86184 (0.010) ; 15893 (0.010) ; 85306 (0.009) ; 67762 (0.009) ; 65552 (0.008) ; 
0.06726751752110889   T=9,K=11:  84494 (0.031) ; 58429 (0.019) ; 84234 (0.017) ; nlsj76838 (0.016) ; 43206 (0.014) ; 45996 (0.013) ; 58386 (0.009) ; 63772 (0.009) ; 19972 (0.008) ; 80043 (0.008) ; 
0.038863152431849665   T=9,K=12:  58429 (0.019) ; 100921 (0.011) ; 18331 (0.011) ; 112833 (0.010) ; 70845 (0.010) ; 103012 (0.010) ; 115193 (0.010) ; 60003 (0.009) ; 99045 (0.009) ; 22209 (0.009) ; 
0.04122685131983295   T=9,K=13:  85306 (0.019) ; 45996 (0.019) ; 49875 (0.015) ; nlsj107632 (0.014) ; nlsj76838 (0.014) ; 5607 (0.012) ; 63845 (0.011) ; 48291 (0.011) ; 22502 (0.010) ; 20598 (0.010) ; 
0.10622135616067062   T=9,K=14:  58429 (0.019) ; 74126 (0.017) ; 84234 (0.016) ; 58386 (0.014) ; 11583 (0.013) ; 62204 (0.013) ; 8909 (0.012) ; 24444 (0.011) ; 84494 (0.009) ; 114548 (0.009) ; 

Time=10  
0.04676524692553549   T=10,K=0:  49875 (0.054) ; 106566 (0.037) ; 61791 (0.016) ; 28569 (0.015) ; 60003 (0.014) ; 22209 (0.013) ; 89676 (0.012) ; 81863 (0.012) ; 109194 (0.011) ; 80011 (0.011) ; 
0.08175244240004632   T=10,K=1:  58429 (0.030) ; 84434 (0.012) ; nlsj4423 (0.012) ; 75552 (0.011) ; 45996 (0.011) ; 84494 (0.010) ; 46613 (0.010) ; 4509 (0.010) ; 97150 (0.010) ; 49875 (0.009) ; 
0.09939003524940408   T=10,K=2:  62204 (0.020) ; 63772 (0.015) ; 58429 (0.014) ; 48291 (0.012) ; 84494 (0.012) ; 22209 (0.011) ; 8665 (0.011) ; 46966 (0.011) ; 83963 (0.010) ; 26886 (0.010) ; 
0.018127687001422234   T=10,K=3:  62204 (0.029) ; 27847 (0.022) ; 72357 (0.022) ; 74546 (0.018) ; 84422 (0.014) ; nlsj6956 (0.013) ; 75552 (0.013) ; 58429 (0.012) ; 26447 (0.012) ; 45996 (0.012) ; 
0.04451287795160099   T=10,K=4:  nlsj29289 (0.015) ; nlsj14967 (0.014) ; 84234 (0.013) ; 108660 (0.013) ; 93802 (0.012) ; 62204 (0.011) ; 45996 (0.010) ; 42214 (0.009) ; 23444 (0.009) ; 8909 (0.009) ; 
0.10816824803376428   T=10,K=5:  22209 (0.017) ; 19546 (0.016) ; 70958 (0.013) ; 84494 (0.011) ; 61791 (0.011) ; 45996 (0.010) ; 260 (0.010) ; 114624 (0.009) ; 84234 (0.009) ; 25018 (0.008) ; 
0.05212782184083613   T=10,K=6:  72254 (0.019) ; 102000 (0.019) ; 2764 (0.018) ; 112720 (0.017) ; 110243 (0.015) ; 45996 (0.015) ; 35337 (0.012) ; 115887 (0.011) ; 28569 (0.010) ; 3499 (0.010) ; 
0.07866819225071217   T=10,K=7:  84422 (0.015) ; 45996 (0.014) ; 58429 (0.013) ; 64866 (0.010) ; 29883 (0.009) ; 46612 (0.007) ; 31161 (0.007) ; 25401 (0.007) ; 114624 (0.007) ; 114075 (0.007) ; 
0.01633404642867195   T=10,K=8:  98323 (0.028) ; 80327 (0.024) ; 102000 (0.023) ; 85306 (0.021) ; 86219 (0.021) ; 45996 (0.019) ; 13016 (0.016) ; 23069 (0.012) ; 49875 (0.010) ; 19972 (0.009) ; 
0.05014051605004457   T=10,K=9:  84234 (0.017) ; nlsj71743 (0.016) ; 45996 (0.011) ; 31161 (0.008) ; 27847 (0.007) ; 41858 (0.007) ; nlsj56179 (0.007) ; 18107 (0.007) ; 26447 (0.007) ; 112720 (0.006) ; 
0.06533534962817496   T=10,K=10:  74126 (0.015) ; 85306 (0.014) ; 63772 (0.013) ; 22209 (0.013) ; 62204 (0.010) ; 67762 (0.009) ; 83756 (0.009) ; 86184 (0.009) ; 27847 (0.009) ; 61791 (0.008) ; 
0.09673580291801993   T=10,K=11:  58429 (0.031) ; 84494 (0.030) ; 84234 (0.016) ; nlsj76838 (0.015) ; 19972 (0.011) ; 30809 (0.009) ; 45996 (0.009) ; 58386 (0.009) ; nlsj32160 (0.008) ; 98894 (0.008) ; 
0.09866100078490422   T=10,K=12:  58429 (0.024) ; 99045 (0.011) ; 18331 (0.011) ; 72920 (0.010) ; 108850 (0.010) ; 112833 (0.009) ; 103012 (0.008) ; 100921 (0.008) ; 84234 (0.008) ; 19972 (0.008) ; 
0.07423237027292179   T=10,K=13:  85306 (0.020) ; 48291 (0.019) ; 49875 (0.018) ; 63845 (0.017) ; 45996 (0.014) ; nlsj107632 (0.013) ; nlsj76838 (0.011) ; 47617 (0.011) ; 20598 (0.009) ; 72627 (0.009) ; 
0.06904836226394068   T=10,K=14:  58429 (0.023) ; 84234 (0.020) ; 24444 (0.012) ; 75552 (0.012) ; 74126 (0.012) ; 84494 (0.012) ; 62204 (0.011) ; 11583 (0.011) ; 58386 (0.009) ; 41416 (0.008) ; 

Time=11  
0.03502520831963516   T=11,K=0:  49875 (0.094) ; 106566 (0.042) ; 61791 (0.020) ; 84234 (0.017) ; nlsj61372 (0.017) ; 22209 (0.015) ; 73742 (0.014) ; 79223 (0.014) ; 80011 (0.014) ; 28569 (0.013) ; 
0.06110881161029426   T=11,K=1:  58429 (0.025) ; 75552 (0.015) ; 49875 (0.013) ; 45996 (0.012) ; 31236 (0.012) ; 85982 (0.011) ; 72357 (0.010) ; 46613 (0.010) ; 104429 (0.009) ; nlsj4423 (0.009) ; 
0.054906438442690574   T=11,K=2:  62204 (0.022) ; 46966 (0.021) ; 48291 (0.016) ; 84494 (0.015) ; 8665 (0.014) ; 53873 (0.013) ; 63772 (0.012) ; 68641 (0.012) ; 83963 (0.010) ; 22209 (0.009) ; 
0.02440996741338763   T=11,K=3:  62204 (0.028) ; 27847 (0.025) ; 84422 (0.021) ; 45996 (0.019) ; 72357 (0.017) ; 75552 (0.015) ; 112060 (0.015) ; 96979 (0.015) ; 26447 (0.013) ; nlsj6956 (0.012) ; 
0.023844978957424916   T=11,K=4:  84234 (0.019) ; 108660 (0.019) ; nlsj29289 (0.016) ; 37851 (0.012) ; 86219 (0.011) ; 110243 (0.011) ; 90504 (0.010) ; 42214 (0.010) ; 86083 (0.010) ; 23444 (0.010) ; 
0.05734073084667716   T=11,K=5:  19546 (0.023) ; 70958 (0.015) ; 84494 (0.015) ; 61791 (0.013) ; 45996 (0.012) ; 22209 (0.011) ; 260 (0.010) ; 24342 (0.010) ; 51373 (0.010) ; 114753 (0.010) ; 
0.07968558886164315   T=11,K=6:  110243 (0.037) ; 112720 (0.026) ; 115887 (0.015) ; 2764 (0.014) ; 45996 (0.013) ; 28588 (0.012) ; 72254 (0.012) ; 3499 (0.012) ; 102000 (0.011) ; 106502 (0.011) ; 
0.05885099204278854   T=11,K=7:  29883 (0.016) ; 45996 (0.015) ; 64866 (0.014) ; 15893 (0.012) ; 84422 (0.011) ; 114558 (0.010) ; 72254 (0.010) ; nlsj71743 (0.010) ; 25401 (0.009) ; 97132 (0.007) ; 
0.01815680873773748   T=11,K=8:  80327 (0.029) ; 102000 (0.023) ; 13016 (0.018) ; 23069 (0.018) ; 85306 (0.018) ; 86219 (0.018) ; 98323 (0.017) ; 49875 (0.014) ; 24440 (0.013) ; 45996 (0.011) ; 
0.04505286732067305   T=11,K=9:  84234 (0.014) ; nlsj56179 (0.012) ; nlsj71743 (0.011) ; 31161 (0.010) ; 45996 (0.009) ; 72287 (0.009) ; 111541 (0.009) ; 62204 (0.008) ; 18107 (0.008) ; 41858 (0.007) ; 
0.07603685580408229   T=11,K=10:  67762 (0.024) ; 27847 (0.016) ; 85306 (0.015) ; 74126 (0.013) ; 22209 (0.012) ; 63772 (0.010) ; 11583 (0.010) ; 103922 (0.010) ; 65552 (0.009) ; 19972 (0.009) ; 
0.13258947286406317   T=11,K=11:  84494 (0.040) ; 84234 (0.028) ; 58429 (0.025) ; nlsj76838 (0.014) ; 45996 (0.011) ; 43206 (0.010) ; 80043 (0.009) ; 16862 (0.009) ; nlsj32160 (0.008) ; 19972 (0.008) ; 
0.12041331630183302   T=11,K=12:  58429 (0.020) ; 18331 (0.017) ; 53411 (0.013) ; 112833 (0.013) ; 47917 (0.012) ; 108850 (0.011) ; 72920 (0.010) ; 84234 (0.009) ; 39091 (0.009) ; 76079 (0.008) ; 
0.15375995836856496   T=11,K=13:  49875 (0.028) ; 85306 (0.023) ; 48291 (0.021) ; nlsj107632 (0.014) ; 63845 (0.012) ; 72627 (0.010) ; 113560 (0.010) ; 45996 (0.009) ; 47617 (0.009) ; 30811 (0.008) ; 
0.058818004108504615   T=11,K=14:  58429 (0.018) ; 11583 (0.015) ; 75552 (0.015) ; 84234 (0.012) ; 84494 (0.011) ; 8909 (0.010) ; 45996 (0.009) ; 72357 (0.009) ; 58386 (0.009) ; 116416 (0.009) ; 

Time=12  
0.018285155596528664   T=12,K=0:  49875 (0.100) ; 84234 (0.039) ; 106566 (0.037) ; 93478 (0.020) ; 73742 (0.017) ; nlsj61372 (0.015) ; 22209 (0.015) ; 79223 (0.015) ; 83774 (0.015) ; 61791 (0.013) ; 
0.0023700617342337187   T=12,K=1:  58429 (0.025) ; 45996 (0.025) ; 49875 (0.015) ; 62204 (0.012) ; 75552 (0.011) ; 31236 (0.011) ; 85982 (0.011) ; 104429 (0.010) ; 8909 (0.010) ; 46613 (0.009) ; 
0.03442493910962252   T=12,K=2:  8665 (0.020) ; 62204 (0.015) ; 46966 (0.015) ; 68641 (0.014) ; 53873 (0.013) ; 48291 (0.013) ; 28002 (0.012) ; 84494 (0.011) ; nlsj40053 (0.011) ; 22209 (0.011) ; 
0.007965413990007844   T=12,K=3:  62204 (0.035) ; 27847 (0.035) ; 112060 (0.021) ; 84422 (0.020) ; 75552 (0.018) ; 45996 (0.014) ; nlsj6956 (0.013) ; 104429 (0.012) ; 72357 (0.012) ; 26447 (0.011) ; 
0.028575005730766236   T=12,K=4:  nlsj29289 (0.031) ; 84234 (0.018) ; 108660 (0.017) ; 86219 (0.014) ; 93802 (0.012) ; 86083 (0.011) ; 84494 (0.011) ; 27210 (0.011) ; 23444 (0.011) ; nlsj26225 (0.011) ; 
0.1530214555505181   T=12,K=5:  19546 (0.029) ; 70958 (0.026) ; 84494 (0.014) ; 61791 (0.013) ; 260 (0.011) ; 51373 (0.010) ; 25018 (0.010) ; 45996 (0.010) ; 58386 (0.009) ; 28588 (0.009) ; 
0.03527504391477374   T=12,K=6:  112720 (0.036) ; 110243 (0.023) ; 2764 (0.016) ; 68641 (0.013) ; 102000 (0.013) ; 106502 (0.013) ; 28588 (0.013) ; 105829 (0.012) ; 79223 (0.012) ; 35337 (0.011) ; 
0.004024673474202104   T=12,K=7:  29883 (0.023) ; 64866 (0.014) ; 15893 (0.013) ; 84422 (0.012) ; nlsj71743 (0.012) ; 25401 (0.011) ; 72254 (0.011) ; 84234 (0.009) ; 114558 (0.009) ; 45996 (0.009) ; 
0.0025827925626211216   T=12,K=8:  23069 (0.024) ; 98323 (0.020) ; 80327 (0.019) ; 49875 (0.019) ; 102000 (0.018) ; 45996 (0.016) ; 85306 (0.016) ; 27847 (0.012) ; 86219 (0.011) ; 97121 (0.009) ; 
0.02449358473348732   T=12,K=9:  84234 (0.016) ; 15893 (0.011) ; nlsj71743 (0.011) ; nlsj56179 (0.008) ; 102000 (0.008) ; 114753 (0.008) ; 76910 (0.007) ; 13108 (0.007) ; 27847 (0.007) ; nlsj2087 (0.007) ; 
0.1318190224944281   T=12,K=10:  27847 (0.021) ; 67762 (0.018) ; 106502 (0.015) ; 22209 (0.014) ; 85306 (0.012) ; 65552 (0.010) ; 74126 (0.010) ; 63772 (0.010) ; 51867 (0.010) ; 58429 (0.009) ; 
0.01583788581225774   T=12,K=11:  84494 (0.047) ; 84234 (0.028) ; 58429 (0.027) ; nlsj76838 (0.015) ; 80043 (0.012) ; 45996 (0.011) ; 68641 (0.010) ; 85306 (0.009) ; 11058 (0.009) ; 24292 (0.009) ; 
0.36926609757617235   T=12,K=12:  58429 (0.018) ; 47917 (0.014) ; 72920 (0.013) ; 112833 (0.013) ; 39091 (0.010) ; 18331 (0.010) ; 19972 (0.009) ; 71308 (0.009) ; 41918 (0.009) ; 108850 (0.008) ; 
0.15310207116640878   T=12,K=13:  49875 (0.032) ; 48291 (0.025) ; 85306 (0.019) ; nlsj107632 (0.015) ; 113560 (0.013) ; 72627 (0.012) ; 20598 (0.011) ; 45996 (0.011) ; 63845 (0.010) ; 112769 (0.009) ; 
0.018956796553971568   T=12,K=14:  11583 (0.024) ; 75552 (0.020) ; 58429 (0.017) ; 26943 (0.015) ; 84234 (0.014) ; 116416 (0.014) ; 45996 (0.013) ; 30299 (0.012) ; 76029 (0.010) ; 84494 (0.009) ; 



-----------------------
 kappa_c 1.781036 , kappa_f 10.000000