162 documents , 1 concepts , 806 context features (15281) 
kappaF 10.000000, kappaK 4.000000, a0 7.000000, b0 3.000000, K 15, max_docs_per_slice 2000, start -800, end 400, times 13, dT 100, I 1000


map[]

===============  per type  ===============
3.398701227427804e-09   T=0,K=0:  63772 (0.201) ; 62204 (0.069) ; 84548 (0.064) ; 25249 (0.026) ; 24357 (0.025) ; 72627 (0.021) ; 114404 (0.020) ; 75552 (0.018) ; 16051 (0.017) ; 42830 (0.017) ; 
1.9663860138456112e-10   T=1,K=0:  63772 (0.200) ; 62204 (0.073) ; 84548 (0.040) ; 25249 (0.030) ; 75552 (0.024) ; 72627 (0.021) ; 20621 (0.020) ; 31236 (0.019) ; 42830 (0.017) ; 24357 (0.017) ; 
0.0007788449682712925   T=2,K=0:  63772 (0.204) ; 62204 (0.054) ; 84548 (0.036) ; 75552 (0.028) ; 20621 (0.021) ; 72627 (0.019) ; 42830 (0.018) ; 16051 (0.018) ; 92783 (0.018) ; 25249 (0.015) ; 
0.4001369708571515   T=3,K=0:  63772 (0.183) ; 62204 (0.054) ; 84548 (0.035) ; 16051 (0.028) ; 76513 (0.027) ; 75552 (0.021) ; 59660 (0.020) ; 66173 (0.020) ; 19563 (0.020) ; 25249 (0.019) ; 
0.06150858473163157   T=4,K=0:  63772 (0.122) ; 62204 (0.037) ; 42830 (0.031) ; 92783 (0.031) ; 84548 (0.030) ; 66173 (0.027) ; 75552 (0.025) ; 114404 (0.024) ; 25249 (0.023) ; 16051 (0.021) ; 
0.002250962676535823   T=5,K=0:  63772 (0.100) ; 62204 (0.032) ; 92783 (0.028) ; 114404 (0.028) ; 66173 (0.023) ; 45252 (0.023) ; 84548 (0.022) ; 112980 (0.022) ; 59660 (0.021) ; 42830 (0.021) ; 
3.6647202884113735e-05   T=6,K=0:  63772 (0.127) ; 62204 (0.038) ; 45252 (0.030) ; 59660 (0.027) ; 92783 (0.026) ; 84548 (0.026) ; 16051 (0.023) ; 112980 (0.022) ; 72627 (0.020) ; 114404 (0.020) ; 
0.0005373804533002033   T=7,K=0:  63772 (0.126) ; 75552 (0.031) ; 84548 (0.028) ; 62204 (0.025) ; 59660 (0.022) ; 42830 (0.021) ; 84234 (0.021) ; 76029 (0.019) ; 92783 (0.019) ; 102000 (0.017) ; 
0.07705279781307431   T=8,K=0:  63772 (0.134) ; 84234 (0.044) ; 75552 (0.039) ; 59660 (0.022) ; 102000 (0.021) ; 76029 (0.020) ; 15281 (0.018) ; 84548 (0.018) ; 45252 (0.016) ; 62204 (0.016) ; 
0.1846508220557934   T=9,K=0:  84234 (0.097) ; 63772 (0.095) ; 15281 (0.036) ; 75552 (0.031) ; 102000 (0.027) ; 42830 (0.026) ; 84548 (0.024) ; 62204 (0.021) ; 76029 (0.020) ; 31236 (0.019) ; 
0.18621933591740306   T=10,K=0:  84234 (0.084) ; 63772 (0.071) ; 15281 (0.043) ; 75552 (0.040) ; 102000 (0.039) ; 100693 (0.023) ; 89376 (0.023) ; 31236 (0.021) ; 62204 (0.021) ; 18334 (0.021) ; 
0.39608635773561707   T=11,K=0:  63772 (0.105) ; 84234 (0.050) ; 15281 (0.047) ; 75552 (0.045) ; 59660 (0.034) ; 76513 (0.033) ; 76029 (0.030) ; 102000 (0.027) ; 31236 (0.021) ; 42830 (0.021) ; 
0.03462049885738474   T=12,K=0:  63772 (0.124) ; 15281 (0.044) ; 84234 (0.033) ; 75552 (0.032) ; 76513 (0.032) ; 18334 (0.028) ; 89376 (0.027) ; 102000 (0.024) ; 59660 (0.022) ; 76029 (0.022) ; 
p(w|s) = sum_t P(w|t,s)  T=-1,K=0:  63772 (0.138) ; 62204 (0.036) ; 84234 (0.031) ; 84548 (0.029) ; 75552 (0.028) ; 15281 (0.021) ; 42830 (0.020) ; 59660 (0.019) ; 102000 (0.019) ; 76513 (0.018) ; 

3.342261338076275e-07   T=0,K=1:  115887 (0.247) ; 102736 (0.098) ; 27847 (0.044) ; 42162 (0.039) ; 114653 (0.030) ; 54469 (0.028) ; 75308 (0.020) ; 64866 (0.018) ; 4845 (0.017) ; 112833 (0.014) ; 
3.642046002186964e-06   T=1,K=1:  115887 (0.169) ; 102736 (0.104) ; 27847 (0.055) ; 54469 (0.035) ; 64866 (0.029) ; 42162 (0.027) ; 75308 (0.025) ; 114653 (0.025) ; 18550 (0.021) ; 112833 (0.018) ; 
0.0004406478347270093   T=2,K=1:  115887 (0.122) ; 27847 (0.077) ; 102736 (0.065) ; 11106 (0.033) ; 64866 (0.032) ; 42162 (0.029) ; 114653 (0.028) ; 54469 (0.021) ; 112833 (0.020) ; 75308 (0.018) ; 
0.0446646684971281   T=3,K=1:  115887 (0.108) ; 27847 (0.094) ; 11106 (0.049) ; 54469 (0.045) ; 102736 (0.036) ; 64866 (0.036) ; 114653 (0.025) ; 42162 (0.022) ; 28569 (0.021) ; 74420 (0.019) ; 
0.07547700571494348   T=4,K=1:  27847 (0.084) ; 115887 (0.066) ; 64866 (0.043) ; 89366 (0.032) ; 11106 (0.030) ; 74420 (0.028) ; 102736 (0.025) ; 54469 (0.023) ; 4845 (0.023) ; 42162 (0.021) ; 
0.13749752965529835   T=5,K=1:  27847 (0.088) ; 28569 (0.034) ; 64866 (0.032) ; 115887 (0.031) ; 74420 (0.030) ; 89366 (0.030) ; 102736 (0.029) ; 112833 (0.028) ; 42162 (0.022) ; 51182 (0.021) ; 
0.11829788701911823   T=6,K=1:  27847 (0.117) ; 89366 (0.032) ; 112833 (0.032) ; 74420 (0.031) ; 4845 (0.031) ; 51182 (0.028) ; 64866 (0.026) ; 115887 (0.024) ; 11106 (0.022) ; 28569 (0.022) ; 
0.4088012210213923   T=7,K=1:  27847 (0.114) ; 112833 (0.045) ; 11106 (0.033) ; 89366 (0.031) ; 74420 (0.028) ; 115887 (0.028) ; 51182 (0.027) ; 4845 (0.024) ; 28569 (0.023) ; 88464 (0.021) ; 
0.06045860170344918   T=8,K=1:  27847 (0.136) ; 112833 (0.047) ; 74420 (0.043) ; 28569 (0.037) ; 89366 (0.031) ; 51182 (0.029) ; 11106 (0.026) ; 88464 (0.025) ; 38498 (0.024) ; 102736 (0.021) ; 
2.469181868537688e-05   T=9,K=1:  27847 (0.076) ; 74420 (0.049) ; 112833 (0.037) ; 88464 (0.035) ; 89366 (0.033) ; 51182 (0.030) ; 38498 (0.028) ; 11106 (0.027) ; 28569 (0.027) ; 74378 (0.026) ; 
0.013598055323285112   T=10,K=1:  27847 (0.078) ; 74420 (0.064) ; 88464 (0.046) ; 51182 (0.032) ; 112833 (0.032) ; 11106 (0.029) ; 102736 (0.027) ; 38498 (0.026) ; 28569 (0.025) ; 104538 (0.025) ; 
0.003884453795147423   T=11,K=1:  74420 (0.058) ; 27847 (0.050) ; 11106 (0.049) ; 88464 (0.049) ; 112833 (0.043) ; 74378 (0.034) ; 51182 (0.033) ; 102736 (0.026) ; 28569 (0.022) ; 4845 (0.021) ; 
0.08561937430227358   T=12,K=1:  74420 (0.071) ; 28569 (0.053) ; 11106 (0.048) ; 88464 (0.043) ; 51182 (0.042) ; 74378 (0.030) ; 112833 (0.029) ; 27847 (0.029) ; 4845 (0.027) ; 89366 (0.021) ; 
p(w|s) = sum_t P(w|t,s)  T=-1,K=1:  27847 (0.080) ; 115887 (0.066) ; 102736 (0.039) ; 74420 (0.035) ; 11106 (0.030) ; 112833 (0.029) ; 28569 (0.024) ; 54469 (0.023) ; 89366 (0.022) ; 51182 (0.022) ; 

1.0803347406224828e-07   T=0,K=2:  nlsj8014 (0.125) ; 112720 (0.085) ; 114753 (0.065) ; 98417 (0.057) ; 67222 (0.037) ; 108103 (0.037) ; 13039 (0.032) ; 21578 (0.030) ; nlsj96932 (0.025) ; 11760 (0.024) ; 
4.201000642849187e-08   T=1,K=2:  nlsj8014 (0.105) ; 112720 (0.100) ; 108103 (0.051) ; 114753 (0.044) ; 98417 (0.043) ; 21578 (0.037) ; nlsj96932 (0.034) ; 11760 (0.028) ; 13039 (0.026) ; 76910 (0.022) ; 
0.00044104713441669215   T=2,K=2:  nlsj8014 (0.117) ; 112720 (0.086) ; 21578 (0.055) ; 114753 (0.035) ; 98417 (0.034) ; 108103 (0.033) ; nlsj96932 (0.029) ; 76910 (0.029) ; 13039 (0.025) ; 47980 (0.025) ; 
0.16222170948843423   T=3,K=2:  112720 (0.131) ; nlsj8014 (0.117) ; 21578 (0.040) ; 114753 (0.038) ; 108103 (0.032) ; 76910 (0.027) ; nlsj96932 (0.027) ; 67894 (0.027) ; 84534 (0.024) ; 47980 (0.022) ; 
0.08818036281423564   T=4,K=2:  112720 (0.104) ; nlsj8014 (0.098) ; 21578 (0.045) ; 76910 (0.042) ; 114753 (0.035) ; 47980 (0.035) ; 67894 (0.030) ; 84534 (0.030) ; 108103 (0.026) ; 13039 (0.025) ; 
0.12675737913083623   T=5,K=2:  112720 (0.112) ; nlsj8014 (0.075) ; 13039 (0.050) ; 76910 (0.047) ; 21578 (0.039) ; 47980 (0.036) ; 114753 (0.032) ; 67894 (0.031) ; 98417 (0.030) ; 33822 (0.027) ; 
0.0002629616176817177   T=6,K=2:  112720 (0.077) ; nlsj8014 (0.069) ; 67894 (0.051) ; 76910 (0.048) ; 21578 (0.042) ; 114753 (0.038) ; 13039 (0.037) ; 33822 (0.035) ; 98417 (0.029) ; 16400 (0.025) ; 
0.00011047684276102644   T=7,K=2:  13039 (0.063) ; 112720 (0.052) ; 114753 (0.043) ; nlsj8014 (0.042) ; 76910 (0.042) ; 21578 (0.041) ; nlsj96932 (0.033) ; 98417 (0.032) ; 67894 (0.029) ; 33822 (0.029) ; 
0.00030804255371046524   T=8,K=2:  nlsj8014 (0.061) ; 13039 (0.054) ; 76910 (0.052) ; 21578 (0.049) ; 114753 (0.041) ; 112720 (0.035) ; 67894 (0.035) ; 9014 (0.033) ; 84534 (0.031) ; nlsj46904 (0.031) ; 
0.008912818922434187   T=9,K=2:  21578 (0.055) ; 13039 (0.053) ; 76910 (0.048) ; nlsj8014 (0.046) ; 9014 (0.044) ; 114753 (0.043) ; 67894 (0.041) ; nlsj46904 (0.034) ; 84534 (0.032) ; 112720 (0.030) ; 
0.05810616811566699   T=10,K=2:  9014 (0.050) ; 21578 (0.048) ; 84534 (0.046) ; 67894 (0.045) ; 76910 (0.043) ; 16400 (0.043) ; 13039 (0.043) ; nlsj8014 (0.042) ; nlsj46904 (0.041) ; 114753 (0.039) ; 
0.05315696861068662   T=11,K=2:  114753 (0.069) ; 21578 (0.065) ; nlsj8014 (0.057) ; 16400 (0.048) ; 9014 (0.040) ; 84534 (0.039) ; 67894 (0.034) ; 13039 (0.034) ; 76910 (0.034) ; nlsj46904 (0.032) ; 
0.04148272262345186   T=12,K=2:  nlsj8014 (0.092) ; 21578 (0.066) ; 16400 (0.052) ; 76910 (0.046) ; 9014 (0.044) ; 84534 (0.041) ; 114753 (0.040) ; 33822 (0.038) ; 13039 (0.036) ; 67894 (0.027) ; 
p(w|s) = sum_t P(w|t,s)  T=-1,K=2:  nlsj8014 (0.081) ; 112720 (0.067) ; 21578 (0.047) ; 114753 (0.043) ; 76910 (0.039) ; 13039 (0.038) ; 67894 (0.030) ; 84534 (0.027) ; 16400 (0.026) ; 98417 (0.026) ; 

2.469689050875593e-07   T=0,K=3:  116416 (0.103) ; 63772 (0.069) ; 19546 (0.063) ; 114553 (0.049) ; 74602 (0.044) ; 106988 (0.031) ; 39151 (0.029) ; 102103 (0.028) ; 66961 (0.020) ; nlsj667 (0.018) ; 
3.818059408936102e-07   T=1,K=3:  116416 (0.081) ; 63772 (0.067) ; 19546 (0.062) ; 114553 (0.038) ; 106988 (0.037) ; 76335 (0.029) ; 75308 (0.024) ; 70958 (0.023) ; nlsj667 (0.021) ; 74602 (0.020) ; 
0.00020524294982332623   T=2,K=3:  116416 (0.090) ; 63772 (0.055) ; 106988 (0.054) ; 19546 (0.051) ; 76335 (0.047) ; 114553 (0.029) ; 75308 (0.027) ; 66574 (0.019) ; 84034 (0.018) ; 3722 (0.017) ; 
0.19178604410549518   T=3,K=3:  116416 (0.062) ; 63772 (0.061) ; 106988 (0.060) ; 19546 (0.047) ; 74602 (0.027) ; 48051 (0.026) ; 3722 (0.026) ; 76335 (0.025) ; 84034 (0.022) ; 66574 (0.021) ; 
0.01690763150119378   T=4,K=3:  106988 (0.076) ; 63772 (0.073) ; 116416 (0.060) ; 3722 (0.032) ; 19546 (0.032) ; 74602 (0.030) ; 75308 (0.028) ; 66574 (0.025) ; 2654 (0.023) ; 48051 (0.021) ; 
0.0008480600294981234   T=5,K=3:  63772 (0.083) ; 19546 (0.076) ; 106988 (0.064) ; 116416 (0.053) ; 66574 (0.031) ; 75308 (0.026) ; 3722 (0.025) ; 76335 (0.023) ; 84034 (0.021) ; 48051 (0.021) ; 
0.00015770325137394364   T=6,K=3:  106988 (0.103) ; 19546 (0.067) ; 63772 (0.056) ; 3722 (0.043) ; 66574 (0.040) ; 116416 (0.036) ; 75308 (0.028) ; 76335 (0.021) ; 48051 (0.018) ; 111544 (0.016) ; 
0.028114522675947183   T=7,K=3:  106988 (0.066) ; 19546 (0.058) ; 116416 (0.054) ; 75308 (0.048) ; 63772 (0.045) ; 3722 (0.038) ; nlsj5408 (0.025) ; 66574 (0.024) ; 66961 (0.023) ; 111544 (0.019) ; 
0.08377132349170438   T=8,K=3:  75308 (0.061) ; 106988 (0.060) ; 63772 (0.048) ; 3722 (0.039) ; 116416 (0.038) ; 19546 (0.032) ; 111544 (0.027) ; 66574 (0.024) ; 56518 (0.023) ; nlsj5408 (0.023) ; 
6.288404663679913e-05   T=9,K=3:  106988 (0.057) ; 63772 (0.049) ; 75308 (0.039) ; 3722 (0.038) ; 116416 (0.036) ; 56518 (0.032) ; 66961 (0.031) ; 52332 (0.030) ; nlsj5408 (0.025) ; 90504 (0.021) ; 
0.005347149204607351   T=10,K=3:  63772 (0.054) ; 75308 (0.047) ; 52332 (0.043) ; 106988 (0.035) ; 56518 (0.031) ; 3722 (0.030) ; 66961 (0.025) ; 48051 (0.024) ; 116416 (0.022) ; 19563 (0.021) ; 
0.039580345153620654   T=11,K=3:  75308 (0.053) ; 56518 (0.049) ; 52332 (0.047) ; 63772 (0.042) ; 3722 (0.038) ; 66961 (0.025) ; 106988 (0.023) ; nlsj5408 (0.020) ; 101851 (0.020) ; 66574 (0.020) ; 
0.00461092138424658   T=12,K=3:  75308 (0.064) ; 52332 (0.050) ; 56518 (0.049) ; 63772 (0.039) ; 3722 (0.037) ; 116416 (0.027) ; 66961 (0.025) ; nlsj5408 (0.023) ; 37097 (0.023) ; 106988 (0.022) ; 
p(w|s) = sum_t P(w|t,s)  T=-1,K=3:  63772 (0.057) ; 106988 (0.053) ; 116416 (0.052) ; 19546 (0.042) ; 75308 (0.037) ; 3722 (0.030) ; 66574 (0.022) ; 56518 (0.021) ; 52332 (0.020) ; 66961 (0.019) ; 

6.861792249822539e-06   T=0,K=4:  66295 (0.068) ; 21578 (0.060) ; 57460 (0.055) ; 19477 (0.042) ; 64165 (0.029) ; 112980 (0.026) ; 90504 (0.023) ; 8909 (0.019) ; 13096 (0.019) ; 63772 (0.019) ; 
8.369199868632622e-08   T=1,K=4:  66295 (0.076) ; 21578 (0.056) ; 19477 (0.045) ; 90504 (0.039) ; 57460 (0.037) ; 64165 (0.036) ; 8909 (0.024) ; 112980 (0.019) ; 84566 (0.019) ; 70839 (0.017) ; 
0.0055095047936094925   T=2,K=4:  66295 (0.068) ; 21578 (0.057) ; 19477 (0.054) ; 84566 (0.036) ; 57460 (0.035) ; 64165 (0.030) ; 112980 (0.025) ; 33953 (0.022) ; 8909 (0.020) ; 90504 (0.020) ; 
0.11815239201702625   T=3,K=4:  66295 (0.071) ; 57460 (0.039) ; 64165 (0.038) ; 19477 (0.037) ; 21578 (0.033) ; 112980 (0.027) ; 84566 (0.026) ; 13096 (0.025) ; 84534 (0.019) ; 33953 (0.019) ; 
0.13097135366018053   T=4,K=4:  64165 (0.055) ; 66295 (0.042) ; 112980 (0.035) ; 21578 (0.033) ; 19477 (0.028) ; 57460 (0.023) ; 33953 (0.022) ; 43206 (0.021) ; 84534 (0.021) ; 13096 (0.020) ; 
0.003881465809753027   T=5,K=4:  43206 (0.049) ; 66295 (0.046) ; 64165 (0.045) ; 21578 (0.036) ; 26886 (0.034) ; 112980 (0.028) ; 13096 (0.023) ; 57460 (0.020) ; 19554 (0.019) ; 52571 (0.018) ; 
4.346781219602084e-05   T=6,K=4:  26886 (0.064) ; 66295 (0.057) ; 43206 (0.057) ; 64165 (0.026) ; 19554 (0.022) ; 21578 (0.022) ; 29883 (0.020) ; 112980 (0.020) ; 84566 (0.019) ; 13096 (0.019) ; 
6.946064740428468e-05   T=7,K=4:  43206 (0.082) ; 66295 (0.046) ; 26886 (0.044) ; 64165 (0.030) ; 112980 (0.023) ; 21578 (0.020) ; 48291 (0.020) ; 115887 (0.020) ; 8909 (0.019) ; 52571 (0.018) ; 
0.08969722822443373   T=8,K=4:  43206 (0.083) ; 26886 (0.045) ; 112980 (0.024) ; 66295 (0.024) ; 15047 (0.024) ; 19554 (0.023) ; 84566 (0.022) ; 21578 (0.021) ; 48291 (0.019) ; 115887 (0.018) ; 
0.028836327666545432   T=9,K=4:  26886 (0.068) ; 43206 (0.048) ; 66295 (0.026) ; 41357 (0.023) ; 21578 (0.022) ; 48291 (0.021) ; 112980 (0.021) ; 15047 (0.019) ; 84566 (0.017) ; 11305 (0.017) ; 
0.04338287319460185   T=10,K=4:  26886 (0.064) ; 21578 (0.036) ; 48291 (0.030) ; 66295 (0.030) ; 51792 (0.026) ; 41357 (0.025) ; 43206 (0.024) ; 15047 (0.022) ; 84234 (0.020) ; 8909 (0.017) ; 
6.9396043341788665e-06   T=11,K=4:  26886 (0.077) ; 21578 (0.060) ; 66295 (0.039) ; 64165 (0.022) ; 41357 (0.020) ; 15047 (0.019) ; 75954 (0.019) ; 51792 (0.018) ; 43206 (0.018) ; 48291 (0.017) ; 
0.0007661255817248648   T=12,K=4:  26886 (0.074) ; 21578 (0.057) ; 66295 (0.048) ; 19554 (0.029) ; 48291 (0.027) ; 41357 (0.023) ; 43206 (0.020) ; 60535 (0.019) ; 51792 (0.019) ; 8909 (0.018) ; 
p(w|s) = sum_t P(w|t,s)  T=-1,K=4:  66295 (0.049) ; 26886 (0.042) ; 21578 (0.039) ; 43206 (0.034) ; 64165 (0.029) ; 57460 (0.023) ; 112980 (0.022) ; 19477 (0.022) ; 84566 (0.018) ; 8909 (0.018) ; 

5.557256226781145e-06   T=0,K=5:  58066 (0.233) ; 22209 (0.111) ; 106707 (0.109) ; 105829 (0.080) ; 112980 (0.046) ; 62143 (0.024) ; 110734 (0.021) ; nlsj1605 (0.017) ; 77035 (0.016) ; 51373 (0.015) ; 
6.922207722608846e-10   T=1,K=5:  58066 (0.133) ; 22209 (0.116) ; 106707 (0.103) ; 105829 (0.088) ; 62143 (0.048) ; 112980 (0.043) ; nlsj1605 (0.028) ; 55714 (0.024) ; 51373 (0.019) ; 24184 (0.019) ; 
0.004717439535185357   T=2,K=5:  58066 (0.132) ; 106707 (0.101) ; 22209 (0.097) ; 105829 (0.065) ; 112980 (0.042) ; 62143 (0.042) ; nlsj1605 (0.035) ; 55714 (0.028) ; 51373 (0.024) ; 42267 (0.023) ; 
9.504768000363538e-05   T=3,K=5:  22209 (0.113) ; 58066 (0.113) ; 105829 (0.076) ; 106707 (0.058) ; 62143 (0.039) ; 55714 (0.030) ; 51373 (0.030) ; 90009 (0.029) ; 112980 (0.027) ; 5131 (0.025) ; 
0.041580836934367434   T=4,K=5:  58066 (0.093) ; 105829 (0.090) ; 22209 (0.090) ; 106707 (0.067) ; nlsj1605 (0.037) ; 5131 (0.032) ; 112980 (0.030) ; 62143 (0.029) ; 24184 (0.024) ; 25194 (0.023) ; 
0.0013685414148702118   T=5,K=5:  105829 (0.137) ; 106707 (0.079) ; 24184 (0.051) ; 58066 (0.050) ; 22209 (0.050) ; nlsj1605 (0.036) ; 2534 (0.029) ; 90009 (0.025) ; 25194 (0.025) ; 5131 (0.025) ; 
0.0010822250939352101   T=6,K=5:  105829 (0.146) ; 24184 (0.053) ; 106707 (0.044) ; nlsj1605 (0.044) ; 58066 (0.038) ; 112980 (0.037) ; 51373 (0.037) ; 2534 (0.036) ; 22209 (0.029) ; 110734 (0.027) ; 
0.026494520470257445   T=7,K=5:  105829 (0.127) ; 2534 (0.046) ; 24184 (0.046) ; 58066 (0.044) ; nlsj1605 (0.038) ; 51373 (0.036) ; 112980 (0.032) ; 5131 (0.030) ; 22209 (0.030) ; 90009 (0.029) ; 
0.0018544424683046238   T=8,K=5:  105829 (0.084) ; 51373 (0.056) ; 24184 (0.055) ; 106707 (0.039) ; 2534 (0.037) ; 22209 (0.034) ; 90009 (0.032) ; 112980 (0.032) ; 58066 (0.031) ; 82887 (0.028) ; 
0.020602243635271366   T=9,K=5:  24184 (0.088) ; 105829 (0.056) ; 22209 (0.047) ; 51373 (0.046) ; 58066 (0.041) ; 2534 (0.039) ; 90661 (0.032) ; 112980 (0.030) ; 90009 (0.028) ; 35061 (0.026) ; 
0.0007571610275899802   T=10,K=5:  24184 (0.064) ; 22209 (0.062) ; 58066 (0.052) ; 90661 (0.046) ; 51373 (0.046) ; 90009 (0.041) ; 105829 (0.038) ; 82887 (0.033) ; 2017 (0.028) ; 2534 (0.028) ; 
0.0039630252960391145   T=11,K=5:  24184 (0.083) ; 90009 (0.062) ; 22209 (0.051) ; 58066 (0.042) ; 90661 (0.042) ; 51373 (0.038) ; 2534 (0.038) ; 82887 (0.037) ; 105829 (0.027) ; 2017 (0.023) ; 
0.27989871171361913   T=12,K=5:  24184 (0.126) ; 58066 (0.047) ; 22209 (0.041) ; 90661 (0.040) ; 90009 (0.031) ; 51373 (0.029) ; 2534 (0.027) ; 83834 (0.027) ; 55714 (0.023) ; 82887 (0.021) ; 
p(w|s) = sum_t P(w|t,s)  T=-1,K=5:  58066 (0.081) ; 105829 (0.079) ; 22209 (0.067) ; 106707 (0.055) ; 24184 (0.050) ; 51373 (0.032) ; 112980 (0.030) ; 90009 (0.028) ; 2534 (0.027) ; nlsj1605 (0.027) ; 

5.2889244925345245e-11   T=0,K=6:  56593 (0.207) ; 100495 (0.136) ; 84234 (0.104) ; 22660 (0.060) ; 76029 (0.049) ; nlsj35831 (0.037) ; nlsj71743 (0.034) ; 110341 (0.026) ; 57359 (0.024) ; 1899 (0.020) ; 
5.949521364235139e-11   T=1,K=6:  56593 (0.161) ; 100495 (0.136) ; 84234 (0.104) ; 76029 (0.065) ; 22660 (0.047) ; nlsj71743 (0.039) ; nlsj35831 (0.032) ; 57359 (0.031) ; 110341 (0.026) ; 1899 (0.018) ; 
5.054769037902681e-06   T=2,K=6:  100495 (0.126) ; 56593 (0.122) ; 84234 (0.118) ; 76029 (0.049) ; nlsj35831 (0.046) ; 22660 (0.043) ; nlsj71743 (0.035) ; 57359 (0.033) ; 102869 (0.032) ; 110341 (0.031) ; 
2.0529585262831942e-06   T=3,K=6:  100495 (0.164) ; 84234 (0.110) ; 56593 (0.086) ; nlsj35831 (0.063) ; 76029 (0.050) ; 22660 (0.041) ; 57359 (0.039) ; 102869 (0.038) ; nlsj71743 (0.029) ; 110341 (0.028) ; 
6.447672755740573e-07   T=4,K=6:  56593 (0.130) ; 100495 (0.119) ; 84234 (0.104) ; 76029 (0.051) ; nlsj35831 (0.051) ; 57359 (0.040) ; 22660 (0.031) ; 102869 (0.031) ; nlsj71743 (0.027) ; 101046 (0.027) ; 
1.1412020356417683e-06   T=5,K=6:  100495 (0.115) ; 56593 (0.111) ; 84234 (0.081) ; 57359 (0.059) ; 22660 (0.049) ; 76029 (0.049) ; nlsj35831 (0.048) ; 101046 (0.039) ; 110341 (0.038) ; 102869 (0.038) ; 
1.2598313411787917e-05   T=6,K=6:  84234 (0.204) ; 56593 (0.129) ; 100495 (0.099) ; 57359 (0.042) ; 22660 (0.041) ; 101046 (0.038) ; nlsj35831 (0.036) ; 76029 (0.034) ; 79386 (0.022) ; 110341 (0.021) ; 
3.321749460335988e-08   T=7,K=6:  100495 (0.149) ; 84234 (0.139) ; 56593 (0.087) ; 22660 (0.055) ; 101046 (0.036) ; 110341 (0.032) ; 57359 (0.032) ; 79386 (0.028) ; nlsj35831 (0.026) ; 1899 (0.022) ; 
9.861295195434526e-06   T=8,K=6:  84234 (0.154) ; 56593 (0.087) ; 100495 (0.085) ; 22660 (0.074) ; 57359 (0.035) ; nlsj35831 (0.033) ; 101046 (0.033) ; 79386 (0.032) ; 110341 (0.031) ; 79983 (0.027) ; 
0.010379939141581437   T=9,K=6:  84234 (0.148) ; 56593 (0.094) ; 100495 (0.079) ; 22660 (0.060) ; 110341 (0.042) ; 79386 (0.041) ; 57359 (0.038) ; 101046 (0.031) ; 79983 (0.029) ; nlsj35831 (0.029) ; 
0.022297283250169195   T=10,K=6:  84234 (0.144) ; 56593 (0.097) ; 79386 (0.066) ; 100495 (0.061) ; 22660 (0.054) ; 57359 (0.042) ; 101046 (0.038) ; 110341 (0.035) ; nlsj35831 (0.034) ; 79983 (0.025) ; 
0.033272513203069926   T=11,K=6:  84234 (0.101) ; 79386 (0.097) ; 100495 (0.080) ; 56593 (0.070) ; 79983 (0.044) ; 22660 (0.042) ; 76029 (0.041) ; 102869 (0.033) ; nlsj35831 (0.031) ; 110341 (0.023) ; 
0.0069731988550673935   T=12,K=6:  84234 (0.150) ; 100495 (0.098) ; 79386 (0.093) ; 56593 (0.060) ; 79983 (0.048) ; 76029 (0.043) ; 22660 (0.035) ; 102869 (0.026) ; 110341 (0.025) ; 57359 (0.023) ; 
p(w|s) = sum_t P(w|t,s)  T=-1,K=6:  84234 (0.128) ; 100495 (0.111) ; 56593 (0.111) ; 22660 (0.049) ; 76029 (0.039) ; 79386 (0.038) ; nlsj35831 (0.037) ; 57359 (0.035) ; 110341 (0.029) ; 102869 (0.026) ; 

1.1182947058513504e-13   T=0,K=7:  nlsj80526 (0.109) ; 114684 (0.078) ; 109757 (0.060) ; 42830 (0.054) ; 110581 (0.043) ; 96089 (0.028) ; 45062 (0.027) ; nlsj39496 (0.026) ; 46646 (0.025) ; 63013 (0.024) ; 
1.5470731494444752e-15   T=1,K=7:  nlsj80526 (0.105) ; 114684 (0.083) ; 42830 (0.056) ; 109757 (0.048) ; 29624 (0.037) ; 45062 (0.031) ; 46646 (0.028) ; 110581 (0.028) ; 79526 (0.024) ; 96089 (0.023) ; 
3.48744265575305e-08   T=2,K=7:  nlsj80526 (0.113) ; 114684 (0.102) ; 42830 (0.063) ; 109757 (0.033) ; 46646 (0.032) ; 63013 (0.028) ; 29624 (0.027) ; 79526 (0.026) ; 45062 (0.022) ; 66294 (0.021) ; 
3.2723913680303405e-05   T=3,K=7:  114684 (0.134) ; nlsj80526 (0.078) ; 42830 (0.054) ; 46646 (0.048) ; 109757 (0.033) ; 79526 (0.029) ; 15047 (0.025) ; 63772 (0.021) ; 110581 (0.021) ; 29624 (0.021) ; 
6.876921273599393e-05   T=4,K=7:  114684 (0.138) ; nlsj80526 (0.070) ; 42830 (0.061) ; 109757 (0.035) ; 46646 (0.035) ; 79526 (0.034) ; nlsj39496 (0.025) ; 45062 (0.021) ; 96929 (0.020) ; 106505 (0.020) ; 
1.4473954045664041e-06   T=5,K=7:  114684 (0.122) ; 42830 (0.062) ; nlsj39496 (0.061) ; 46646 (0.051) ; nlsj80526 (0.050) ; 79526 (0.028) ; 96929 (0.023) ; 15047 (0.021) ; 109757 (0.020) ; 45062 (0.018) ; 
4.9122805341497416e-08   T=6,K=7:  114684 (0.132) ; 46646 (0.057) ; nlsj80526 (0.052) ; nlsj39496 (0.045) ; 42830 (0.040) ; 79526 (0.027) ; 15047 (0.025) ; 96929 (0.023) ; 109757 (0.022) ; 63772 (0.021) ; 
6.414815729630616e-06   T=7,K=7:  114684 (0.106) ; nlsj39496 (0.071) ; 42830 (0.046) ; 46646 (0.044) ; nlsj80526 (0.044) ; 79526 (0.026) ; 15047 (0.026) ; nlsj97867 (0.021) ; 110341 (0.020) ; 9233 (0.019) ; 
0.025562503824312813   T=8,K=7:  114684 (0.082) ; nlsj39496 (0.071) ; nlsj80526 (0.062) ; 42830 (0.042) ; 46646 (0.038) ; 17540 (0.036) ; 15047 (0.033) ; 79526 (0.031) ; 96929 (0.022) ; 96089 (0.022) ; 
0.03768816146508378   T=9,K=7:  nlsj39496 (0.067) ; 114684 (0.050) ; 46646 (0.047) ; nlsj80526 (0.041) ; 42830 (0.039) ; 15047 (0.037) ; 79526 (0.035) ; 112934 (0.030) ; 96929 (0.027) ; 109757 (0.027) ; 
0.15881027971542744   T=10,K=7:  15047 (0.058) ; 42830 (0.050) ; 46646 (0.048) ; nlsj39496 (0.047) ; 109757 (0.044) ; nlsj80526 (0.043) ; 79526 (0.031) ; 114684 (0.031) ; 96929 (0.029) ; nlsj9571 (0.026) ; 
8.595602798842221e-07   T=11,K=7:  42830 (0.082) ; 15047 (0.064) ; nlsj39496 (0.046) ; 109757 (0.044) ; 46646 (0.039) ; nlsj80526 (0.033) ; 112934 (0.028) ; nlsj9571 (0.027) ; 79526 (0.025) ; 96929 (0.025) ; 
5.57184446067189e-07   T=12,K=7:  42830 (0.065) ; 15047 (0.045) ; 109757 (0.038) ; nlsj39496 (0.038) ; 112934 (0.034) ; 96089 (0.033) ; nlsj80526 (0.032) ; nlsj9571 (0.032) ; 96929 (0.029) ; 114684 (0.028) ; 
p(w|s) = sum_t P(w|t,s)  T=-1,K=7:  114684 (0.085) ; nlsj80526 (0.064) ; 42830 (0.055) ; nlsj39496 (0.042) ; 46646 (0.040) ; 109757 (0.033) ; 15047 (0.032) ; 79526 (0.027) ; 96929 (0.020) ; 110581 (0.018) ; 

5.935846019037605e-11   T=0,K=8:  43206 (0.153) ; 84505 (0.063) ; 101841 (0.049) ; 56723 (0.041) ; 31236 (0.039) ; 11058 (0.032) ; 37776 (0.032) ; 3630 (0.029) ; 58450 (0.028) ; 19181 (0.028) ; 
2.8926731051346063e-13   T=1,K=8:  43206 (0.122) ; 84505 (0.060) ; 37776 (0.059) ; 101841 (0.051) ; 84421 (0.045) ; 56723 (0.040) ; 19181 (0.037) ; 31236 (0.031) ; 3630 (0.031) ; 11058 (0.030) ; 
8.967371100803662e-09   T=2,K=8:  43206 (0.165) ; 84421 (0.055) ; 37212 (0.038) ; 84505 (0.038) ; 101841 (0.036) ; 31236 (0.036) ; 35983 (0.034) ; 37776 (0.028) ; 56723 (0.027) ; 19181 (0.026) ; 
2.076977367845667e-10   T=3,K=8:  43206 (0.103) ; 84421 (0.044) ; 84505 (0.038) ; 19181 (0.037) ; 101841 (0.036) ; 1564 (0.035) ; 37776 (0.035) ; 56723 (0.034) ; 3630 (0.029) ; 45996 (0.029) ; 
2.823883941183955e-08   T=4,K=8:  43206 (0.098) ; 45996 (0.050) ; 1564 (0.047) ; 58450 (0.040) ; 37776 (0.040) ; 19181 (0.040) ; 84421 (0.039) ; 31236 (0.031) ; 37212 (0.029) ; 101841 (0.025) ; 
1.1274381925719416e-05   T=5,K=8:  43206 (0.093) ; 58450 (0.068) ; 45996 (0.058) ; 84421 (0.048) ; 31236 (0.042) ; 19181 (0.040) ; 1564 (0.031) ; 37776 (0.030) ; 75774 (0.029) ; 84505 (0.028) ; 
0.009454128926067012   T=6,K=8:  43206 (0.120) ; 75774 (0.055) ; 45996 (0.053) ; 31236 (0.042) ; 58450 (0.039) ; 84421 (0.032) ; 37776 (0.032) ; 1564 (0.032) ; 35983 (0.026) ; 84505 (0.026) ; 
0.05223884797069975   T=7,K=8:  43206 (0.104) ; 31236 (0.065) ; 75774 (0.063) ; 84421 (0.055) ; 58450 (0.047) ; 56723 (0.035) ; 45996 (0.035) ; 37776 (0.030) ; 84505 (0.029) ; 35983 (0.025) ; 
0.13185991145788556   T=8,K=8:  75774 (0.109) ; 43206 (0.076) ; 31236 (0.058) ; 84421 (0.056) ; 45996 (0.036) ; 56723 (0.032) ; 58450 (0.030) ; 37776 (0.026) ; 3630 (0.025) ; 60209 (0.025) ; 
0.005340783502927266   T=9,K=8:  75774 (0.072) ; 43206 (0.067) ; 31236 (0.057) ; 84421 (0.056) ; 56723 (0.048) ; 67352 (0.039) ; 58450 (0.028) ; 37212 (0.024) ; 60209 (0.021) ; 35983 (0.021) ; 
0.00011536323892333939   T=10,K=8:  75774 (0.086) ; 31236 (0.066) ; 84421 (0.048) ; 56723 (0.044) ; 67352 (0.043) ; 58450 (0.039) ; 43206 (0.037) ; 1564 (0.033) ; 6817 (0.027) ; 11058 (0.021) ; 
0.02598694833658005   T=11,K=8:  84421 (0.093) ; 31236 (0.053) ; 58450 (0.049) ; 75774 (0.039) ; 67352 (0.038) ; 56723 (0.037) ; 43206 (0.035) ; 116416 (0.028) ; 34138 (0.027) ; 6817 (0.025) ; 
4.714333096578402e-07   T=12,K=8:  58450 (0.069) ; 84421 (0.057) ; 50165 (0.050) ; 75774 (0.045) ; 43206 (0.039) ; 56723 (0.034) ; 6817 (0.034) ; 31236 (0.033) ; 67352 (0.029) ; 102736 (0.029) ; 
p(w|s) = sum_t P(w|t,s)  T=-1,K=8:  43206 (0.093) ; 84421 (0.051) ; 75774 (0.045) ; 31236 (0.045) ; 58450 (0.039) ; 56723 (0.033) ; 37776 (0.029) ; 84505 (0.028) ; 45996 (0.027) ; 1564 (0.026) ; 

1.912215696325661e-08   T=0,K=9:  21401 (0.063) ; 111378 (0.057) ; 46767 (0.051) ; 50440 (0.049) ; 35360 (0.045) ; 98894 (0.043) ; 103745 (0.031) ; nlsj68228 (0.027) ; 21802 (0.025) ; 102381 (0.022) ; 
1.4792562326472627e-08   T=1,K=9:  46767 (0.113) ; 50440 (0.063) ; 111378 (0.049) ; 21401 (0.035) ; 103745 (0.034) ; 35360 (0.032) ; 21802 (0.026) ; 98894 (0.026) ; 75475 (0.023) ; 47913 (0.022) ; 
1.7624134002725534e-06   T=2,K=9:  46767 (0.073) ; 50440 (0.072) ; 35360 (0.039) ; 111378 (0.035) ; 30911 (0.030) ; 98894 (0.026) ; 21401 (0.026) ; nlsj68228 (0.025) ; 103745 (0.024) ; 102381 (0.021) ; 
1.974537525084994e-06   T=3,K=9:  50440 (0.081) ; 46767 (0.056) ; 21401 (0.039) ; 111378 (0.039) ; 103745 (0.030) ; nlsj68228 (0.024) ; 30911 (0.023) ; 35360 (0.021) ; 106263 (0.021) ; 47913 (0.021) ; 
0.018342665352963455   T=4,K=9:  46767 (0.068) ; 50440 (0.049) ; 111378 (0.038) ; 21401 (0.037) ; nlsj68228 (0.030) ; 103745 (0.024) ; 66342 (0.024) ; 35360 (0.023) ; 72610 (0.022) ; 30911 (0.022) ; 
2.371384971112738e-05   T=5,K=9:  50440 (0.041) ; 46767 (0.039) ; 111378 (0.037) ; 103745 (0.032) ; 66342 (0.031) ; 72610 (0.028) ; 21401 (0.025) ; nlsj68228 (0.024) ; 30911 (0.022) ; 77035 (0.022) ; 
8.402257534219132e-08   T=6,K=9:  111378 (0.050) ; 50440 (0.034) ; 46767 (0.033) ; 103745 (0.028) ; 102381 (0.027) ; 66342 (0.027) ; 30911 (0.026) ; nlsj68228 (0.026) ; 77035 (0.026) ; 11106 (0.022) ; 
2.8493168749063163e-06   T=7,K=9:  111378 (0.069) ; 103922 (0.042) ; 46767 (0.036) ; 50440 (0.035) ; 21401 (0.033) ; 98979 (0.028) ; 103745 (0.028) ; 77035 (0.027) ; 35360 (0.025) ; 102381 (0.024) ; 
0.010987372856296578   T=8,K=9:  111378 (0.057) ; 21401 (0.041) ; 46767 (0.040) ; 77035 (0.033) ; 50440 (0.030) ; 67132 (0.029) ; 52332 (0.029) ; 61885 (0.026) ; 103922 (0.023) ; 98979 (0.020) ; 
0.009881751153257809   T=9,K=9:  77035 (0.051) ; 111378 (0.049) ; 46767 (0.044) ; 21401 (0.039) ; 50440 (0.038) ; 102381 (0.031) ; 72610 (0.030) ; 103745 (0.029) ; 61885 (0.029) ; 103922 (0.026) ; 
0.01211272060743514   T=10,K=9:  61885 (0.052) ; 21401 (0.044) ; 77035 (0.039) ; 111378 (0.038) ; 50440 (0.037) ; 103745 (0.034) ; 52332 (0.030) ; 46767 (0.030) ; 98979 (0.028) ; 103922 (0.028) ; 
0.06102092431088748   T=11,K=9:  102381 (0.049) ; 77035 (0.047) ; 21401 (0.041) ; 98979 (0.035) ; 103745 (0.034) ; 50440 (0.034) ; 61885 (0.024) ; 111378 (0.023) ; 11106 (0.023) ; 26046 (0.023) ; 
0.18556979607110924   T=12,K=9:  77035 (0.064) ; 46767 (0.050) ; 21401 (0.038) ; 102381 (0.033) ; 98979 (0.029) ; 103745 (0.028) ; 67222 (0.025) ; 11106 (0.025) ; 103922 (0.024) ; 50440 (0.023) ; 
p(w|s) = sum_t P(w|t,s)  T=-1,K=9:  46767 (0.050) ; 50440 (0.045) ; 111378 (0.043) ; 21401 (0.037) ; 77035 (0.029) ; 103745 (0.029) ; 102381 (0.024) ; 103922 (0.021) ; 61885 (0.021) ; 35360 (0.021) ; 

1.4029563835703713e-05   T=0,K=10:  15893 (0.093) ; 102000 (0.059) ; 1899 (0.056) ; 101468 (0.040) ; 114404 (0.036) ; 90504 (0.034) ; 115887 (0.030) ; 112217 (0.029) ; 100693 (0.028) ; 35576 (0.028) ; 
1.4921906749996118e-08   T=1,K=10:  102000 (0.088) ; 15893 (0.057) ; 114404 (0.054) ; 1899 (0.052) ; 115887 (0.034) ; 101468 (0.031) ; 68876 (0.029) ; 112217 (0.028) ; 26259 (0.024) ; 90504 (0.024) ; 
0.06875581275900966   T=2,K=10:  114404 (0.100) ; 102000 (0.085) ; 15893 (0.044) ; 115887 (0.043) ; 101468 (0.040) ; 1899 (0.029) ; 67352 (0.026) ; nlsj97867 (0.026) ; 98982 (0.022) ; 90504 (0.021) ; 
0.021821064398084445   T=3,K=10:  114404 (0.100) ; 102000 (0.087) ; 115887 (0.047) ; 1899 (0.036) ; 101468 (0.029) ; 15893 (0.028) ; 68876 (0.025) ; 90504 (0.024) ; 48909 (0.023) ; 112217 (0.023) ; 
0.11319541916074688   T=4,K=10:  102000 (0.098) ; 114404 (0.065) ; 115887 (0.050) ; 15893 (0.049) ; 1899 (0.036) ; 101468 (0.027) ; 112217 (0.025) ; 26259 (0.022) ; 98982 (0.022) ; 92783 (0.021) ; 
1.4635583565936477e-06   T=5,K=10:  115887 (0.063) ; 102000 (0.059) ; 15893 (0.052) ; 114404 (0.050) ; 77613 (0.029) ; 112217 (0.028) ; 101468 (0.028) ; 90504 (0.024) ; 68876 (0.024) ; 92783 (0.023) ; 
3.3136428330953495e-07   T=6,K=10:  102000 (0.074) ; 115887 (0.067) ; 15893 (0.051) ; 114404 (0.034) ; 77613 (0.031) ; 15274 (0.030) ; 15047 (0.028) ; 90504 (0.027) ; 112217 (0.026) ; 48910 (0.023) ; 
3.7250998361743854e-06   T=7,K=10:  102000 (0.085) ; 115887 (0.062) ; 15893 (0.048) ; 114404 (0.039) ; 15047 (0.036) ; 112217 (0.028) ; 90504 (0.027) ; 77613 (0.026) ; 25908 (0.026) ; 26259 (0.024) ; 
0.03329421719944164   T=8,K=10:  102000 (0.075) ; 115887 (0.065) ; 15893 (0.057) ; 77613 (0.034) ; 112217 (0.032) ; 15047 (0.032) ; 114404 (0.026) ; 25908 (0.024) ; 19123 (0.023) ; 15274 (0.022) ; 
0.025879451892656655   T=9,K=10:  115887 (0.065) ; 15893 (0.064) ; 77613 (0.043) ; 102000 (0.040) ; 15274 (0.033) ; 15047 (0.031) ; 114404 (0.029) ; 112217 (0.027) ; 67352 (0.026) ; 102436 (0.022) ; 
0.028650532088771517   T=10,K=10:  15893 (0.058) ; 77613 (0.054) ; 115887 (0.039) ; 102436 (0.039) ; 102000 (0.033) ; 48910 (0.032) ; 15047 (0.031) ; 114404 (0.028) ; 67352 (0.027) ; 26447 (0.024) ; 
0.026971463113783116   T=11,K=10:  15893 (0.084) ; 102000 (0.049) ; 77613 (0.041) ; 15047 (0.037) ; 68876 (0.030) ; 1899 (0.029) ; 26447 (0.029) ; 48910 (0.028) ; 102436 (0.027) ; 115887 (0.026) ; 
3.841626868965944e-06   T=12,K=10:  15893 (0.084) ; 102000 (0.074) ; 77613 (0.056) ; 115887 (0.039) ; 15047 (0.035) ; 68876 (0.030) ; 114404 (0.026) ; 26447 (0.026) ; 48910 (0.025) ; 102436 (0.024) ; 
p(w|s) = sum_t P(w|t,s)  T=-1,K=10:  102000 (0.070) ; 15893 (0.059) ; 115887 (0.048) ; 114404 (0.047) ; 77613 (0.030) ; 1899 (0.029) ; 15047 (0.025) ; 112217 (0.024) ; 101468 (0.024) ; 48910 (0.022) ; 

1.8714507739246437e-09   T=0,K=11:  114413 (0.071) ; 36165 (0.033) ; 110639 (0.029) ; 65975 (0.028) ; 97908 (0.025) ; 47980 (0.023) ; 71620 (0.022) ; 59660 (0.022) ; 19549 (0.021) ; 2654 (0.021) ; 
2.2338199153724514e-08   T=1,K=11:  114413 (0.048) ; 65975 (0.038) ; 36165 (0.031) ; 110639 (0.028) ; 19549 (0.027) ; 112720 (0.025) ; 47980 (0.025) ; 97908 (0.023) ; 71620 (0.023) ; 114558 (0.022) ; 
0.08208993416335253   T=2,K=11:  65975 (0.036) ; 114413 (0.031) ; 19549 (0.031) ; 47980 (0.030) ; 36165 (0.029) ; 110639 (0.029) ; 97908 (0.026) ; 100583 (0.025) ; 71620 (0.022) ; 114684 (0.022) ; 
0.0018148501565352778   T=3,K=11:  65975 (0.055) ; 47980 (0.031) ; 36165 (0.028) ; 110639 (0.028) ; 114558 (0.024) ; 43206 (0.023) ; 114684 (0.023) ; 106263 (0.023) ; 100583 (0.022) ; 19549 (0.022) ; 
0.0846349575238233   T=4,K=11:  65975 (0.050) ; 110639 (0.037) ; 43206 (0.029) ; 106263 (0.028) ; nlsj107632 (0.025) ; 97908 (0.024) ; 114413 (0.022) ; 29809 (0.022) ; 47980 (0.022) ; 114684 (0.020) ; 
0.00011968546060720432   T=5,K=11:  65975 (0.045) ; 106263 (0.040) ; 110639 (0.038) ; 97908 (0.033) ; 114413 (0.031) ; nlsj107632 (0.031) ; 43206 (0.025) ; 36165 (0.025) ; 47980 (0.023) ; 68876 (0.019) ; 
4.463645611276021e-05   T=6,K=11:  106263 (0.042) ; 110639 (0.040) ; 36165 (0.038) ; 97908 (0.031) ; 65975 (0.031) ; 114413 (0.030) ; 68876 (0.028) ; 47980 (0.025) ; 19549 (0.024) ; 43206 (0.021) ; 
0.00014736017370976418   T=7,K=11:  106263 (0.043) ; 110639 (0.037) ; 65975 (0.033) ; 114413 (0.033) ; 36165 (0.033) ; 97908 (0.031) ; 43206 (0.028) ; 68876 (0.028) ; 47980 (0.024) ; 114558 (0.019) ; 
0.043145014262956055   T=8,K=11:  114413 (0.046) ; 43206 (0.037) ; 47980 (0.033) ; 36165 (0.032) ; 97908 (0.031) ; 65975 (0.031) ; 68876 (0.027) ; 19549 (0.026) ; 110639 (0.024) ; 106263 (0.023) ; 
0.10613986065765149   T=9,K=11:  114413 (0.053) ; 36165 (0.042) ; 68876 (0.037) ; 65975 (0.029) ; 19549 (0.027) ; 43206 (0.023) ; 97908 (0.022) ; 6817 (0.020) ; 114404 (0.019) ; 30866 (0.019) ; 
0.0009370463432896958   T=10,K=11:  114413 (0.067) ; 65975 (0.050) ; 68876 (0.036) ; 36165 (0.034) ; 97908 (0.029) ; 6817 (0.025) ; nlsj14870 (0.023) ; 43206 (0.022) ; 22425 (0.018) ; 19549 (0.016) ; 
0.01254875395297723   T=11,K=11:  114413 (0.091) ; 65975 (0.036) ; 19549 (0.026) ; 36165 (0.026) ; 68876 (0.024) ; 80119 (0.023) ; 6817 (0.022) ; nlsj14870 (0.021) ; 43206 (0.021) ; 97908 (0.020) ; 
0.242152772710477   T=12,K=11:  114413 (0.088) ; 19549 (0.029) ; 29805 (0.027) ; 43206 (0.026) ; 48291 (0.026) ; 97908 (0.025) ; 68876 (0.023) ; 106263 (0.022) ; 42827 (0.020) ; 80119 (0.020) ; 
p(w|s) = sum_t P(w|t,s)  T=-1,K=11:  114413 (0.049) ; 65975 (0.037) ; 36165 (0.029) ; 97908 (0.026) ; 110639 (0.026) ; 106263 (0.024) ; 19549 (0.023) ; 43206 (0.023) ; 47980 (0.023) ; 68876 (0.021) ; 

0.9997010336838038   T=0,K=12:  67009 (0.067) ; 76703 (0.039) ; 104311 (0.036) ; 70991 (0.032) ; 75954 (0.026) ; 31565 (0.025) ; 48579 (0.020) ; 115887 (0.020) ; 59339 (0.017) ; nlsj553 (0.016) ; 
0.9999906543814089   T=1,K=12:  67009 (0.067) ; 76703 (0.049) ; 75954 (0.037) ; 70991 (0.027) ; 115887 (0.024) ; 104311 (0.022) ; 31565 (0.015) ; 37585 (0.015) ; 59339 (0.015) ; 68876 (0.014) ; 
0.14467137597744623   T=2,K=12:  76703 (0.039) ; 67009 (0.037) ; 75954 (0.026) ; 104311 (0.024) ; 37585 (0.023) ; 70991 (0.021) ; 115887 (0.021) ; 92783 (0.018) ; 63724 (0.018) ; 24357 (0.016) ; 
0.05568680400743302   T=3,K=12:  76703 (0.039) ; 67009 (0.036) ; 115887 (0.027) ; 75954 (0.026) ; 8575 (0.021) ; 70991 (0.018) ; 48579 (0.018) ; 24357 (0.018) ; 37585 (0.017) ; nlsj553 (0.016) ; 
0.1818466060281935   T=4,K=12:  76703 (0.044) ; 115887 (0.030) ; 70991 (0.026) ; 75954 (0.025) ; 67009 (0.022) ; 63724 (0.017) ; 92783 (0.016) ; 70922 (0.016) ; 54631 (0.016) ; 15133 (0.016) ; 
0.3113465648739028   T=5,K=12:  76703 (0.049) ; 67009 (0.032) ; 70991 (0.030) ; 75954 (0.030) ; 63724 (0.025) ; 104311 (0.023) ; 70922 (0.018) ; 115887 (0.017) ; 37650 (0.015) ; 48579 (0.014) ; 
0.7767114081711783   T=6,K=12:  76703 (0.038) ; 75954 (0.031) ; 67009 (0.024) ; 70991 (0.022) ; 48579 (0.021) ; 63724 (0.020) ; 92783 (0.018) ; 104311 (0.017) ; 70922 (0.016) ; 37650 (0.016) ; 
0.40292727998281364   T=7,K=12:  63724 (0.034) ; 76703 (0.029) ; 104311 (0.028) ; 70991 (0.022) ; 48579 (0.022) ; 67009 (0.021) ; 75954 (0.020) ; 102869 (0.019) ; 102993 (0.018) ; 70922 (0.014) ; 
0.2992739779882261   T=8,K=12:  63724 (0.034) ; 48579 (0.030) ; 104311 (0.025) ; 30911 (0.023) ; 102869 (0.021) ; nlsj61372 (0.021) ; 76703 (0.020) ; 70991 (0.019) ; 67009 (0.018) ; 8575 (0.017) ; 
0.28200490713344745   T=9,K=12:  104311 (0.039) ; 102869 (0.031) ; 48579 (0.029) ; nlsj61372 (0.027) ; 76703 (0.026) ; 70991 (0.026) ; 63724 (0.026) ; 8575 (0.021) ; 30911 (0.019) ; 68891 (0.018) ; 
0.15166056402785796   T=10,K=12:  48579 (0.038) ; 102869 (0.035) ; 76703 (0.034) ; nlsj61372 (0.034) ; 70991 (0.031) ; 104311 (0.030) ; 8575 (0.026) ; 84506 (0.020) ; 68891 (0.017) ; 73277 (0.017) ; 
0.0633548274064142   T=11,K=12:  48579 (0.060) ; 76703 (0.041) ; 70991 (0.028) ; 104311 (0.027) ; 102869 (0.026) ; 30911 (0.025) ; nlsj61372 (0.024) ; 8575 (0.022) ; 54631 (0.020) ; 42214 (0.020) ; 
0.06857570008728464   T=12,K=12:  48579 (0.052) ; 76703 (0.041) ; 104311 (0.037) ; 30911 (0.031) ; 70991 (0.031) ; nlsj61372 (0.027) ; 68891 (0.027) ; 42214 (0.022) ; 102869 (0.021) ; 22975 (0.019) ; 
p(w|s) = sum_t P(w|t,s)  T=-1,K=12:  76703 (0.038) ; 67009 (0.028) ; 48579 (0.026) ; 104311 (0.026) ; 70991 (0.026) ; 75954 (0.019) ; 63724 (0.018) ; 115887 (0.016) ; 102869 (0.016) ; 8575 (0.015) ; 

0.00023672929714941266   T=0,K=13:  92783 (0.115) ; 104429 (0.095) ; 76570 (0.045) ; 62204 (0.038) ; nlsj99242 (0.033) ; 115887 (0.025) ; 93634 (0.020) ; 67762 (0.019) ; 85982 (0.018) ; 116416 (0.018) ; 
5.054039618722524e-06   T=1,K=13:  92783 (0.134) ; 104429 (0.098) ; 76570 (0.051) ; nlsj99242 (0.039) ; 62204 (0.028) ; 116416 (0.025) ; 115887 (0.024) ; 93634 (0.018) ; 15281 (0.017) ; 65975 (0.017) ; 
0.00012323340118521018   T=2,K=13:  92783 (0.115) ; 104429 (0.073) ; nlsj99242 (0.051) ; 76570 (0.031) ; 67762 (0.029) ; 62204 (0.028) ; 65975 (0.022) ; 116416 (0.021) ; 66306 (0.018) ; 42159 (0.016) ; 
3.803604964567921e-08   T=3,K=13:  92783 (0.089) ; 104429 (0.047) ; 67762 (0.042) ; 62204 (0.037) ; 76570 (0.029) ; nlsj99242 (0.029) ; 83622 (0.022) ; 116416 (0.020) ; 43309 (0.019) ; 65975 (0.018) ; 
0.16032267948991713   T=4,K=13:  92783 (0.106) ; 76570 (0.039) ; 62204 (0.039) ; 104429 (0.031) ; 67762 (0.029) ; nlsj99242 (0.021) ; 84234 (0.020) ; 54469 (0.018) ; 43461 (0.016) ; 15618 (0.015) ; 
0.41536971490009966   T=5,K=13:  92783 (0.077) ; 76570 (0.036) ; 62204 (0.033) ; 67762 (0.026) ; 22975 (0.025) ; 65975 (0.024) ; 43309 (0.023) ; 15618 (0.022) ; 84234 (0.018) ; 116416 (0.016) ; 
0.08893428470804862   T=6,K=13:  76570 (0.048) ; 92783 (0.040) ; 62204 (0.030) ; 43309 (0.024) ; 65975 (0.024) ; 43461 (0.023) ; 5572 (0.022) ; 15618 (0.018) ; 54469 (0.018) ; 22975 (0.017) ; 
0.07000823120226307   T=7,K=13:  92783 (0.047) ; 62204 (0.034) ; 15618 (0.030) ; 76570 (0.025) ; 54469 (0.023) ; 22975 (0.022) ; 70958 (0.021) ; 84234 (0.020) ; 43309 (0.019) ; 43461 (0.019) ; 
0.0039612200651486205   T=8,K=13:  92783 (0.038) ; 43461 (0.036) ; 92329 (0.026) ; 76570 (0.025) ; 15618 (0.021) ; 70958 (0.020) ; 29809 (0.019) ; 62204 (0.019) ; 54469 (0.019) ; 22975 (0.019) ; 
0.19150750732151237   T=9,K=13:  92329 (0.038) ; 92783 (0.036) ; 76570 (0.029) ; 43461 (0.027) ; 43309 (0.024) ; 62204 (0.022) ; 15618 (0.022) ; 54469 (0.020) ; 31236 (0.019) ; 101249 (0.018) ; 
0.02425677831079252   T=10,K=13:  43461 (0.029) ; 62204 (0.027) ; 92783 (0.026) ; 101249 (0.026) ; 29809 (0.024) ; 92329 (0.023) ; 76570 (0.023) ; 43309 (0.023) ; 84234 (0.022) ; 15618 (0.019) ; 
0.0030535256398053273   T=11,K=13:  5572 (0.032) ; 43309 (0.029) ; 101249 (0.027) ; 62204 (0.026) ; 92783 (0.025) ; 9070 (0.020) ; 12162 (0.019) ; 84234 (0.018) ; 43461 (0.018) ; 22975 (0.017) ; 
0.007628310822118815   T=12,K=13:  5572 (0.040) ; 43461 (0.029) ; 92783 (0.028) ; 62204 (0.025) ; 26046 (0.022) ; 12162 (0.022) ; 43309 (0.022) ; 22100 (0.021) ; 84234 (0.021) ; 49718 (0.020) ; 
p(w|s) = sum_t P(w|t,s)  T=-1,K=13:  92783 (0.067) ; 104429 (0.034) ; 76570 (0.031) ; 62204 (0.030) ; nlsj99242 (0.020) ; 43461 (0.020) ; 67762 (0.018) ; 43309 (0.018) ; 84234 (0.016) ; 5572 (0.016) ; 

3.507467355310675e-05   T=0,K=14:  52035 (0.096) ; 6227 (0.072) ; 33426 (0.072) ; 45794 (0.049) ; 83987 (0.033) ; 83718 (0.031) ; 63772 (0.030) ; 31236 (0.027) ; 75005 (0.019) ; 30941 (0.014) ; 
8.902371041908625e-08   T=1,K=14:  6227 (0.105) ; 52035 (0.082) ; 33426 (0.052) ; 45794 (0.031) ; 51867 (0.026) ; 63772 (0.024) ; 83987 (0.023) ; 72627 (0.020) ; 83718 (0.019) ; 75005 (0.018) ; 
0.6922600554587374   T=2,K=14:  52035 (0.098) ; 6227 (0.090) ; 33426 (0.033) ; 51867 (0.031) ; 45794 (0.029) ; 72627 (0.025) ; 63772 (0.024) ; 75005 (0.020) ; 43056 (0.018) ; 83718 (0.018) ; 
0.003583659139229244   T=3,K=14:  33426 (0.064) ; 6227 (0.045) ; 52035 (0.034) ; 51867 (0.032) ; 63772 (0.031) ; 83987 (0.028) ; 45794 (0.027) ; 75005 (0.025) ; 72627 (0.025) ; 31236 (0.021) ; 
0.026962454868952344   T=4,K=14:  33426 (0.055) ; 6227 (0.048) ; 63772 (0.047) ; 83718 (0.036) ; 75005 (0.030) ; 52035 (0.028) ; 31236 (0.025) ; 45794 (0.025) ; 51867 (0.019) ; 72627 (0.019) ; 
0.0005210556611649833   T=5,K=14:  6227 (0.039) ; 63772 (0.039) ; 33426 (0.036) ; 51867 (0.035) ; 45794 (0.030) ; 31236 (0.028) ; 83718 (0.028) ; 39151 (0.027) ; 75005 (0.025) ; 52035 (0.023) ; 
0.0049615869183282065   T=6,K=14:  51867 (0.051) ; 39151 (0.049) ; 33426 (0.041) ; 45794 (0.031) ; 83718 (0.027) ; 63772 (0.025) ; 6227 (0.024) ; 114548 (0.022) ; 75005 (0.021) ; 31236 (0.019) ; 
0.010537676109515807   T=7,K=14:  33426 (0.040) ; 51867 (0.039) ; 39151 (0.038) ; 45794 (0.032) ; 6227 (0.026) ; 75005 (0.024) ; 63772 (0.024) ; 114548 (0.022) ; 31161 (0.022) ; 110734 (0.021) ; 
0.13876348479586045   T=8,K=14:  39151 (0.034) ; 45794 (0.029) ; 6227 (0.028) ; 33426 (0.026) ; 51867 (0.025) ; 110734 (0.025) ; 15047 (0.025) ; 31236 (0.025) ; 63772 (0.024) ; 15281 (0.022) ; 
0.08808784958651533   T=9,K=14:  45794 (0.040) ; 15047 (0.036) ; 34855 (0.031) ; 39151 (0.030) ; 63772 (0.028) ; 6227 (0.026) ; 51867 (0.025) ; 98234 (0.024) ; 46425 (0.023) ; 31236 (0.022) ; 
0.293748689634179   T=10,K=14:  15047 (0.047) ; 39151 (0.032) ; 34855 (0.029) ; 45794 (0.027) ; 46425 (0.025) ; 51867 (0.023) ; 63772 (0.023) ; 33426 (0.023) ; 114548 (0.023) ; 98234 (0.022) ; 
0.2771120942807577   T=11,K=14:  15047 (0.044) ; 33426 (0.034) ; 68890 (0.031) ; 45794 (0.029) ; 114548 (0.028) ; 98234 (0.021) ; 39151 (0.020) ; 11136 (0.019) ; 31236 (0.019) ; 25194 (0.018) ; 
0.04209699674661733   T=12,K=14:  15047 (0.040) ; 68890 (0.037) ; 114548 (0.027) ; 25194 (0.025) ; 45794 (0.025) ; 33426 (0.023) ; 11136 (0.023) ; 70743 (0.021) ; 34855 (0.020) ; 51867 (0.020) ; 
p(w|s) = sum_t P(w|t,s)  T=-1,K=14:  6227 (0.042) ; 33426 (0.040) ; 52035 (0.036) ; 45794 (0.031) ; 51867 (0.027) ; 63772 (0.027) ; 39151 (0.022) ; 31236 (0.021) ; 15047 (0.021) ; 75005 (0.020) ; 

===============  per time  ===============
Time=0  
3.398701227427804e-09   T=0,K=0:  63772 (0.201) ; 62204 (0.069) ; 84548 (0.064) ; 25249 (0.026) ; 24357 (0.025) ; 72627 (0.021) ; 114404 (0.020) ; 75552 (0.018) ; 16051 (0.017) ; 42830 (0.017) ; 
3.342261338076275e-07   T=0,K=1:  115887 (0.247) ; 102736 (0.098) ; 27847 (0.044) ; 42162 (0.039) ; 114653 (0.030) ; 54469 (0.028) ; 75308 (0.020) ; 64866 (0.018) ; 4845 (0.017) ; 112833 (0.014) ; 
1.0803347406224828e-07   T=0,K=2:  nlsj8014 (0.125) ; 112720 (0.085) ; 114753 (0.065) ; 98417 (0.057) ; 67222 (0.037) ; 108103 (0.037) ; 13039 (0.032) ; 21578 (0.030) ; nlsj96932 (0.025) ; 11760 (0.024) ; 
2.469689050875593e-07   T=0,K=3:  116416 (0.103) ; 63772 (0.069) ; 19546 (0.063) ; 114553 (0.049) ; 74602 (0.044) ; 106988 (0.031) ; 39151 (0.029) ; 102103 (0.028) ; 66961 (0.020) ; nlsj667 (0.018) ; 
6.861792249822539e-06   T=0,K=4:  66295 (0.068) ; 21578 (0.060) ; 57460 (0.055) ; 19477 (0.042) ; 64165 (0.029) ; 112980 (0.026) ; 90504 (0.023) ; 8909 (0.019) ; 13096 (0.019) ; 63772 (0.019) ; 
5.557256226781145e-06   T=0,K=5:  58066 (0.233) ; 22209 (0.111) ; 106707 (0.109) ; 105829 (0.080) ; 112980 (0.046) ; 62143 (0.024) ; 110734 (0.021) ; nlsj1605 (0.017) ; 77035 (0.016) ; 51373 (0.015) ; 
5.2889244925345245e-11   T=0,K=6:  56593 (0.207) ; 100495 (0.136) ; 84234 (0.104) ; 22660 (0.060) ; 76029 (0.049) ; nlsj35831 (0.037) ; nlsj71743 (0.034) ; 110341 (0.026) ; 57359 (0.024) ; 1899 (0.020) ; 
1.1182947058513504e-13   T=0,K=7:  nlsj80526 (0.109) ; 114684 (0.078) ; 109757 (0.060) ; 42830 (0.054) ; 110581 (0.043) ; 96089 (0.028) ; 45062 (0.027) ; nlsj39496 (0.026) ; 46646 (0.025) ; 63013 (0.024) ; 
5.935846019037605e-11   T=0,K=8:  43206 (0.153) ; 84505 (0.063) ; 101841 (0.049) ; 56723 (0.041) ; 31236 (0.039) ; 11058 (0.032) ; 37776 (0.032) ; 3630 (0.029) ; 58450 (0.028) ; 19181 (0.028) ; 
1.912215696325661e-08   T=0,K=9:  21401 (0.063) ; 111378 (0.057) ; 46767 (0.051) ; 50440 (0.049) ; 35360 (0.045) ; 98894 (0.043) ; 103745 (0.031) ; nlsj68228 (0.027) ; 21802 (0.025) ; 102381 (0.022) ; 
1.4029563835703713e-05   T=0,K=10:  15893 (0.093) ; 102000 (0.059) ; 1899 (0.056) ; 101468 (0.040) ; 114404 (0.036) ; 90504 (0.034) ; 115887 (0.030) ; 112217 (0.029) ; 100693 (0.028) ; 35576 (0.028) ; 
1.8714507739246437e-09   T=0,K=11:  114413 (0.071) ; 36165 (0.033) ; 110639 (0.029) ; 65975 (0.028) ; 97908 (0.025) ; 47980 (0.023) ; 71620 (0.022) ; 59660 (0.022) ; 19549 (0.021) ; 2654 (0.021) ; 
0.9997010336838038   T=0,K=12:  67009 (0.067) ; 76703 (0.039) ; 104311 (0.036) ; 70991 (0.032) ; 75954 (0.026) ; 31565 (0.025) ; 48579 (0.020) ; 115887 (0.020) ; 59339 (0.017) ; nlsj553 (0.016) ; 
0.00023672929714941266   T=0,K=13:  92783 (0.115) ; 104429 (0.095) ; 76570 (0.045) ; 62204 (0.038) ; nlsj99242 (0.033) ; 115887 (0.025) ; 93634 (0.020) ; 67762 (0.019) ; 85982 (0.018) ; 116416 (0.018) ; 
3.507467355310675e-05   T=0,K=14:  52035 (0.096) ; 6227 (0.072) ; 33426 (0.072) ; 45794 (0.049) ; 83987 (0.033) ; 83718 (0.031) ; 63772 (0.030) ; 31236 (0.027) ; 75005 (0.019) ; 30941 (0.014) ; 

Time=1  
1.9663860138456112e-10   T=1,K=0:  63772 (0.200) ; 62204 (0.073) ; 84548 (0.040) ; 25249 (0.030) ; 75552 (0.024) ; 72627 (0.021) ; 20621 (0.020) ; 31236 (0.019) ; 42830 (0.017) ; 24357 (0.017) ; 
3.642046002186964e-06   T=1,K=1:  115887 (0.169) ; 102736 (0.104) ; 27847 (0.055) ; 54469 (0.035) ; 64866 (0.029) ; 42162 (0.027) ; 75308 (0.025) ; 114653 (0.025) ; 18550 (0.021) ; 112833 (0.018) ; 
4.201000642849187e-08   T=1,K=2:  nlsj8014 (0.105) ; 112720 (0.100) ; 108103 (0.051) ; 114753 (0.044) ; 98417 (0.043) ; 21578 (0.037) ; nlsj96932 (0.034) ; 11760 (0.028) ; 13039 (0.026) ; 76910 (0.022) ; 
3.818059408936102e-07   T=1,K=3:  116416 (0.081) ; 63772 (0.067) ; 19546 (0.062) ; 114553 (0.038) ; 106988 (0.037) ; 76335 (0.029) ; 75308 (0.024) ; 70958 (0.023) ; nlsj667 (0.021) ; 74602 (0.020) ; 
8.369199868632622e-08   T=1,K=4:  66295 (0.076) ; 21578 (0.056) ; 19477 (0.045) ; 90504 (0.039) ; 57460 (0.037) ; 64165 (0.036) ; 8909 (0.024) ; 112980 (0.019) ; 84566 (0.019) ; 70839 (0.017) ; 
6.922207722608846e-10   T=1,K=5:  58066 (0.133) ; 22209 (0.116) ; 106707 (0.103) ; 105829 (0.088) ; 62143 (0.048) ; 112980 (0.043) ; nlsj1605 (0.028) ; 55714 (0.024) ; 51373 (0.019) ; 24184 (0.019) ; 
5.949521364235139e-11   T=1,K=6:  56593 (0.161) ; 100495 (0.136) ; 84234 (0.104) ; 76029 (0.065) ; 22660 (0.047) ; nlsj71743 (0.039) ; nlsj35831 (0.032) ; 57359 (0.031) ; 110341 (0.026) ; 1899 (0.018) ; 
1.5470731494444752e-15   T=1,K=7:  nlsj80526 (0.105) ; 114684 (0.083) ; 42830 (0.056) ; 109757 (0.048) ; 29624 (0.037) ; 45062 (0.031) ; 46646 (0.028) ; 110581 (0.028) ; 79526 (0.024) ; 96089 (0.023) ; 
2.8926731051346063e-13   T=1,K=8:  43206 (0.122) ; 84505 (0.060) ; 37776 (0.059) ; 101841 (0.051) ; 84421 (0.045) ; 56723 (0.040) ; 19181 (0.037) ; 31236 (0.031) ; 3630 (0.031) ; 11058 (0.030) ; 
1.4792562326472627e-08   T=1,K=9:  46767 (0.113) ; 50440 (0.063) ; 111378 (0.049) ; 21401 (0.035) ; 103745 (0.034) ; 35360 (0.032) ; 21802 (0.026) ; 98894 (0.026) ; 75475 (0.023) ; 47913 (0.022) ; 
1.4921906749996118e-08   T=1,K=10:  102000 (0.088) ; 15893 (0.057) ; 114404 (0.054) ; 1899 (0.052) ; 115887 (0.034) ; 101468 (0.031) ; 68876 (0.029) ; 112217 (0.028) ; 26259 (0.024) ; 90504 (0.024) ; 
2.2338199153724514e-08   T=1,K=11:  114413 (0.048) ; 65975 (0.038) ; 36165 (0.031) ; 110639 (0.028) ; 19549 (0.027) ; 112720 (0.025) ; 47980 (0.025) ; 97908 (0.023) ; 71620 (0.023) ; 114558 (0.022) ; 
0.9999906543814089   T=1,K=12:  67009 (0.067) ; 76703 (0.049) ; 75954 (0.037) ; 70991 (0.027) ; 115887 (0.024) ; 104311 (0.022) ; 31565 (0.015) ; 37585 (0.015) ; 59339 (0.015) ; 68876 (0.014) ; 
5.054039618722524e-06   T=1,K=13:  92783 (0.134) ; 104429 (0.098) ; 76570 (0.051) ; nlsj99242 (0.039) ; 62204 (0.028) ; 116416 (0.025) ; 115887 (0.024) ; 93634 (0.018) ; 15281 (0.017) ; 65975 (0.017) ; 
8.902371041908625e-08   T=1,K=14:  6227 (0.105) ; 52035 (0.082) ; 33426 (0.052) ; 45794 (0.031) ; 51867 (0.026) ; 63772 (0.024) ; 83987 (0.023) ; 72627 (0.020) ; 83718 (0.019) ; 75005 (0.018) ; 

Time=2  
0.0007788449682712925   T=2,K=0:  63772 (0.204) ; 62204 (0.054) ; 84548 (0.036) ; 75552 (0.028) ; 20621 (0.021) ; 72627 (0.019) ; 42830 (0.018) ; 16051 (0.018) ; 92783 (0.018) ; 25249 (0.015) ; 
0.0004406478347270093   T=2,K=1:  115887 (0.122) ; 27847 (0.077) ; 102736 (0.065) ; 11106 (0.033) ; 64866 (0.032) ; 42162 (0.029) ; 114653 (0.028) ; 54469 (0.021) ; 112833 (0.020) ; 75308 (0.018) ; 
0.00044104713441669215   T=2,K=2:  nlsj8014 (0.117) ; 112720 (0.086) ; 21578 (0.055) ; 114753 (0.035) ; 98417 (0.034) ; 108103 (0.033) ; nlsj96932 (0.029) ; 76910 (0.029) ; 13039 (0.025) ; 47980 (0.025) ; 
0.00020524294982332623   T=2,K=3:  116416 (0.090) ; 63772 (0.055) ; 106988 (0.054) ; 19546 (0.051) ; 76335 (0.047) ; 114553 (0.029) ; 75308 (0.027) ; 66574 (0.019) ; 84034 (0.018) ; 3722 (0.017) ; 
0.0055095047936094925   T=2,K=4:  66295 (0.068) ; 21578 (0.057) ; 19477 (0.054) ; 84566 (0.036) ; 57460 (0.035) ; 64165 (0.030) ; 112980 (0.025) ; 33953 (0.022) ; 8909 (0.020) ; 90504 (0.020) ; 
0.004717439535185357   T=2,K=5:  58066 (0.132) ; 106707 (0.101) ; 22209 (0.097) ; 105829 (0.065) ; 112980 (0.042) ; 62143 (0.042) ; nlsj1605 (0.035) ; 55714 (0.028) ; 51373 (0.024) ; 42267 (0.023) ; 
5.054769037902681e-06   T=2,K=6:  100495 (0.126) ; 56593 (0.122) ; 84234 (0.118) ; 76029 (0.049) ; nlsj35831 (0.046) ; 22660 (0.043) ; nlsj71743 (0.035) ; 57359 (0.033) ; 102869 (0.032) ; 110341 (0.031) ; 
3.48744265575305e-08   T=2,K=7:  nlsj80526 (0.113) ; 114684 (0.102) ; 42830 (0.063) ; 109757 (0.033) ; 46646 (0.032) ; 63013 (0.028) ; 29624 (0.027) ; 79526 (0.026) ; 45062 (0.022) ; 66294 (0.021) ; 
8.967371100803662e-09   T=2,K=8:  43206 (0.165) ; 84421 (0.055) ; 37212 (0.038) ; 84505 (0.038) ; 101841 (0.036) ; 31236 (0.036) ; 35983 (0.034) ; 37776 (0.028) ; 56723 (0.027) ; 19181 (0.026) ; 
1.7624134002725534e-06   T=2,K=9:  46767 (0.073) ; 50440 (0.072) ; 35360 (0.039) ; 111378 (0.035) ; 30911 (0.030) ; 98894 (0.026) ; 21401 (0.026) ; nlsj68228 (0.025) ; 103745 (0.024) ; 102381 (0.021) ; 
0.06875581275900966   T=2,K=10:  114404 (0.100) ; 102000 (0.085) ; 15893 (0.044) ; 115887 (0.043) ; 101468 (0.040) ; 1899 (0.029) ; 67352 (0.026) ; nlsj97867 (0.026) ; 98982 (0.022) ; 90504 (0.021) ; 
0.08208993416335253   T=2,K=11:  65975 (0.036) ; 114413 (0.031) ; 19549 (0.031) ; 47980 (0.030) ; 36165 (0.029) ; 110639 (0.029) ; 97908 (0.026) ; 100583 (0.025) ; 71620 (0.022) ; 114684 (0.022) ; 
0.14467137597744623   T=2,K=12:  76703 (0.039) ; 67009 (0.037) ; 75954 (0.026) ; 104311 (0.024) ; 37585 (0.023) ; 70991 (0.021) ; 115887 (0.021) ; 92783 (0.018) ; 63724 (0.018) ; 24357 (0.016) ; 
0.00012323340118521018   T=2,K=13:  92783 (0.115) ; 104429 (0.073) ; nlsj99242 (0.051) ; 76570 (0.031) ; 67762 (0.029) ; 62204 (0.028) ; 65975 (0.022) ; 116416 (0.021) ; 66306 (0.018) ; 42159 (0.016) ; 
0.6922600554587374   T=2,K=14:  52035 (0.098) ; 6227 (0.090) ; 33426 (0.033) ; 51867 (0.031) ; 45794 (0.029) ; 72627 (0.025) ; 63772 (0.024) ; 75005 (0.020) ; 43056 (0.018) ; 83718 (0.018) ; 

Time=3  
0.4001369708571515   T=3,K=0:  63772 (0.183) ; 62204 (0.054) ; 84548 (0.035) ; 16051 (0.028) ; 76513 (0.027) ; 75552 (0.021) ; 59660 (0.020) ; 66173 (0.020) ; 19563 (0.020) ; 25249 (0.019) ; 
0.0446646684971281   T=3,K=1:  115887 (0.108) ; 27847 (0.094) ; 11106 (0.049) ; 54469 (0.045) ; 102736 (0.036) ; 64866 (0.036) ; 114653 (0.025) ; 42162 (0.022) ; 28569 (0.021) ; 74420 (0.019) ; 
0.16222170948843423   T=3,K=2:  112720 (0.131) ; nlsj8014 (0.117) ; 21578 (0.040) ; 114753 (0.038) ; 108103 (0.032) ; 76910 (0.027) ; nlsj96932 (0.027) ; 67894 (0.027) ; 84534 (0.024) ; 47980 (0.022) ; 
0.19178604410549518   T=3,K=3:  116416 (0.062) ; 63772 (0.061) ; 106988 (0.060) ; 19546 (0.047) ; 74602 (0.027) ; 48051 (0.026) ; 3722 (0.026) ; 76335 (0.025) ; 84034 (0.022) ; 66574 (0.021) ; 
0.11815239201702625   T=3,K=4:  66295 (0.071) ; 57460 (0.039) ; 64165 (0.038) ; 19477 (0.037) ; 21578 (0.033) ; 112980 (0.027) ; 84566 (0.026) ; 13096 (0.025) ; 84534 (0.019) ; 33953 (0.019) ; 
9.504768000363538e-05   T=3,K=5:  22209 (0.113) ; 58066 (0.113) ; 105829 (0.076) ; 106707 (0.058) ; 62143 (0.039) ; 55714 (0.030) ; 51373 (0.030) ; 90009 (0.029) ; 112980 (0.027) ; 5131 (0.025) ; 
2.0529585262831942e-06   T=3,K=6:  100495 (0.164) ; 84234 (0.110) ; 56593 (0.086) ; nlsj35831 (0.063) ; 76029 (0.050) ; 22660 (0.041) ; 57359 (0.039) ; 102869 (0.038) ; nlsj71743 (0.029) ; 110341 (0.028) ; 
3.2723913680303405e-05   T=3,K=7:  114684 (0.134) ; nlsj80526 (0.078) ; 42830 (0.054) ; 46646 (0.048) ; 109757 (0.033) ; 79526 (0.029) ; 15047 (0.025) ; 63772 (0.021) ; 110581 (0.021) ; 29624 (0.021) ; 
2.076977367845667e-10   T=3,K=8:  43206 (0.103) ; 84421 (0.044) ; 84505 (0.038) ; 19181 (0.037) ; 101841 (0.036) ; 1564 (0.035) ; 37776 (0.035) ; 56723 (0.034) ; 3630 (0.029) ; 45996 (0.029) ; 
1.974537525084994e-06   T=3,K=9:  50440 (0.081) ; 46767 (0.056) ; 21401 (0.039) ; 111378 (0.039) ; 103745 (0.030) ; nlsj68228 (0.024) ; 30911 (0.023) ; 35360 (0.021) ; 106263 (0.021) ; 47913 (0.021) ; 
0.021821064398084445   T=3,K=10:  114404 (0.100) ; 102000 (0.087) ; 115887 (0.047) ; 1899 (0.036) ; 101468 (0.029) ; 15893 (0.028) ; 68876 (0.025) ; 90504 (0.024) ; 48909 (0.023) ; 112217 (0.023) ; 
0.0018148501565352778   T=3,K=11:  65975 (0.055) ; 47980 (0.031) ; 36165 (0.028) ; 110639 (0.028) ; 114558 (0.024) ; 43206 (0.023) ; 114684 (0.023) ; 106263 (0.023) ; 100583 (0.022) ; 19549 (0.022) ; 
0.05568680400743302   T=3,K=12:  76703 (0.039) ; 67009 (0.036) ; 115887 (0.027) ; 75954 (0.026) ; 8575 (0.021) ; 70991 (0.018) ; 48579 (0.018) ; 24357 (0.018) ; 37585 (0.017) ; nlsj553 (0.016) ; 
3.803604964567921e-08   T=3,K=13:  92783 (0.089) ; 104429 (0.047) ; 67762 (0.042) ; 62204 (0.037) ; 76570 (0.029) ; nlsj99242 (0.029) ; 83622 (0.022) ; 116416 (0.020) ; 43309 (0.019) ; 65975 (0.018) ; 
0.003583659139229244   T=3,K=14:  33426 (0.064) ; 6227 (0.045) ; 52035 (0.034) ; 51867 (0.032) ; 63772 (0.031) ; 83987 (0.028) ; 45794 (0.027) ; 75005 (0.025) ; 72627 (0.025) ; 31236 (0.021) ; 

Time=4  
0.06150858473163157   T=4,K=0:  63772 (0.122) ; 62204 (0.037) ; 42830 (0.031) ; 92783 (0.031) ; 84548 (0.030) ; 66173 (0.027) ; 75552 (0.025) ; 114404 (0.024) ; 25249 (0.023) ; 16051 (0.021) ; 
0.07547700571494348   T=4,K=1:  27847 (0.084) ; 115887 (0.066) ; 64866 (0.043) ; 89366 (0.032) ; 11106 (0.030) ; 74420 (0.028) ; 102736 (0.025) ; 54469 (0.023) ; 4845 (0.023) ; 42162 (0.021) ; 
0.08818036281423564   T=4,K=2:  112720 (0.104) ; nlsj8014 (0.098) ; 21578 (0.045) ; 76910 (0.042) ; 114753 (0.035) ; 47980 (0.035) ; 67894 (0.030) ; 84534 (0.030) ; 108103 (0.026) ; 13039 (0.025) ; 
0.01690763150119378   T=4,K=3:  106988 (0.076) ; 63772 (0.073) ; 116416 (0.060) ; 3722 (0.032) ; 19546 (0.032) ; 74602 (0.030) ; 75308 (0.028) ; 66574 (0.025) ; 2654 (0.023) ; 48051 (0.021) ; 
0.13097135366018053   T=4,K=4:  64165 (0.055) ; 66295 (0.042) ; 112980 (0.035) ; 21578 (0.033) ; 19477 (0.028) ; 57460 (0.023) ; 33953 (0.022) ; 43206 (0.021) ; 84534 (0.021) ; 13096 (0.020) ; 
0.041580836934367434   T=4,K=5:  58066 (0.093) ; 105829 (0.090) ; 22209 (0.090) ; 106707 (0.067) ; nlsj1605 (0.037) ; 5131 (0.032) ; 112980 (0.030) ; 62143 (0.029) ; 24184 (0.024) ; 25194 (0.023) ; 
6.447672755740573e-07   T=4,K=6:  56593 (0.130) ; 100495 (0.119) ; 84234 (0.104) ; 76029 (0.051) ; nlsj35831 (0.051) ; 57359 (0.040) ; 22660 (0.031) ; 102869 (0.031) ; nlsj71743 (0.027) ; 101046 (0.027) ; 
6.876921273599393e-05   T=4,K=7:  114684 (0.138) ; nlsj80526 (0.070) ; 42830 (0.061) ; 109757 (0.035) ; 46646 (0.035) ; 79526 (0.034) ; nlsj39496 (0.025) ; 45062 (0.021) ; 96929 (0.020) ; 106505 (0.020) ; 
2.823883941183955e-08   T=4,K=8:  43206 (0.098) ; 45996 (0.050) ; 1564 (0.047) ; 58450 (0.040) ; 37776 (0.040) ; 19181 (0.040) ; 84421 (0.039) ; 31236 (0.031) ; 37212 (0.029) ; 101841 (0.025) ; 
0.018342665352963455   T=4,K=9:  46767 (0.068) ; 50440 (0.049) ; 111378 (0.038) ; 21401 (0.037) ; nlsj68228 (0.030) ; 103745 (0.024) ; 66342 (0.024) ; 35360 (0.023) ; 72610 (0.022) ; 30911 (0.022) ; 
0.11319541916074688   T=4,K=10:  102000 (0.098) ; 114404 (0.065) ; 115887 (0.050) ; 15893 (0.049) ; 1899 (0.036) ; 101468 (0.027) ; 112217 (0.025) ; 26259 (0.022) ; 98982 (0.022) ; 92783 (0.021) ; 
0.0846349575238233   T=4,K=11:  65975 (0.050) ; 110639 (0.037) ; 43206 (0.029) ; 106263 (0.028) ; nlsj107632 (0.025) ; 97908 (0.024) ; 114413 (0.022) ; 29809 (0.022) ; 47980 (0.022) ; 114684 (0.020) ; 
0.1818466060281935   T=4,K=12:  76703 (0.044) ; 115887 (0.030) ; 70991 (0.026) ; 75954 (0.025) ; 67009 (0.022) ; 63724 (0.017) ; 92783 (0.016) ; 70922 (0.016) ; 54631 (0.016) ; 15133 (0.016) ; 
0.16032267948991713   T=4,K=13:  92783 (0.106) ; 76570 (0.039) ; 62204 (0.039) ; 104429 (0.031) ; 67762 (0.029) ; nlsj99242 (0.021) ; 84234 (0.020) ; 54469 (0.018) ; 43461 (0.016) ; 15618 (0.015) ; 
0.026962454868952344   T=4,K=14:  33426 (0.055) ; 6227 (0.048) ; 63772 (0.047) ; 83718 (0.036) ; 75005 (0.030) ; 52035 (0.028) ; 31236 (0.025) ; 45794 (0.025) ; 51867 (0.019) ; 72627 (0.019) ; 

Time=5  
0.002250962676535823   T=5,K=0:  63772 (0.100) ; 62204 (0.032) ; 92783 (0.028) ; 114404 (0.028) ; 66173 (0.023) ; 45252 (0.023) ; 84548 (0.022) ; 112980 (0.022) ; 59660 (0.021) ; 42830 (0.021) ; 
0.13749752965529835   T=5,K=1:  27847 (0.088) ; 28569 (0.034) ; 64866 (0.032) ; 115887 (0.031) ; 74420 (0.030) ; 89366 (0.030) ; 102736 (0.029) ; 112833 (0.028) ; 42162 (0.022) ; 51182 (0.021) ; 
0.12675737913083623   T=5,K=2:  112720 (0.112) ; nlsj8014 (0.075) ; 13039 (0.050) ; 76910 (0.047) ; 21578 (0.039) ; 47980 (0.036) ; 114753 (0.032) ; 67894 (0.031) ; 98417 (0.030) ; 33822 (0.027) ; 
0.0008480600294981234   T=5,K=3:  63772 (0.083) ; 19546 (0.076) ; 106988 (0.064) ; 116416 (0.053) ; 66574 (0.031) ; 75308 (0.026) ; 3722 (0.025) ; 76335 (0.023) ; 84034 (0.021) ; 48051 (0.021) ; 
0.003881465809753027   T=5,K=4:  43206 (0.049) ; 66295 (0.046) ; 64165 (0.045) ; 21578 (0.036) ; 26886 (0.034) ; 112980 (0.028) ; 13096 (0.023) ; 57460 (0.020) ; 19554 (0.019) ; 52571 (0.018) ; 
0.0013685414148702118   T=5,K=5:  105829 (0.137) ; 106707 (0.079) ; 24184 (0.051) ; 58066 (0.050) ; 22209 (0.050) ; nlsj1605 (0.036) ; 2534 (0.029) ; 90009 (0.025) ; 25194 (0.025) ; 5131 (0.025) ; 
1.1412020356417683e-06   T=5,K=6:  100495 (0.115) ; 56593 (0.111) ; 84234 (0.081) ; 57359 (0.059) ; 22660 (0.049) ; 76029 (0.049) ; nlsj35831 (0.048) ; 101046 (0.039) ; 110341 (0.038) ; 102869 (0.038) ; 
1.4473954045664041e-06   T=5,K=7:  114684 (0.122) ; 42830 (0.062) ; nlsj39496 (0.061) ; 46646 (0.051) ; nlsj80526 (0.050) ; 79526 (0.028) ; 96929 (0.023) ; 15047 (0.021) ; 109757 (0.020) ; 45062 (0.018) ; 
1.1274381925719416e-05   T=5,K=8:  43206 (0.093) ; 58450 (0.068) ; 45996 (0.058) ; 84421 (0.048) ; 31236 (0.042) ; 19181 (0.040) ; 1564 (0.031) ; 37776 (0.030) ; 75774 (0.029) ; 84505 (0.028) ; 
2.371384971112738e-05   T=5,K=9:  50440 (0.041) ; 46767 (0.039) ; 111378 (0.037) ; 103745 (0.032) ; 66342 (0.031) ; 72610 (0.028) ; 21401 (0.025) ; nlsj68228 (0.024) ; 30911 (0.022) ; 77035 (0.022) ; 
1.4635583565936477e-06   T=5,K=10:  115887 (0.063) ; 102000 (0.059) ; 15893 (0.052) ; 114404 (0.050) ; 77613 (0.029) ; 112217 (0.028) ; 101468 (0.028) ; 90504 (0.024) ; 68876 (0.024) ; 92783 (0.023) ; 
0.00011968546060720432   T=5,K=11:  65975 (0.045) ; 106263 (0.040) ; 110639 (0.038) ; 97908 (0.033) ; 114413 (0.031) ; nlsj107632 (0.031) ; 43206 (0.025) ; 36165 (0.025) ; 47980 (0.023) ; 68876 (0.019) ; 
0.3113465648739028   T=5,K=12:  76703 (0.049) ; 67009 (0.032) ; 70991 (0.030) ; 75954 (0.030) ; 63724 (0.025) ; 104311 (0.023) ; 70922 (0.018) ; 115887 (0.017) ; 37650 (0.015) ; 48579 (0.014) ; 
0.41536971490009966   T=5,K=13:  92783 (0.077) ; 76570 (0.036) ; 62204 (0.033) ; 67762 (0.026) ; 22975 (0.025) ; 65975 (0.024) ; 43309 (0.023) ; 15618 (0.022) ; 84234 (0.018) ; 116416 (0.016) ; 
0.0005210556611649833   T=5,K=14:  6227 (0.039) ; 63772 (0.039) ; 33426 (0.036) ; 51867 (0.035) ; 45794 (0.030) ; 31236 (0.028) ; 83718 (0.028) ; 39151 (0.027) ; 75005 (0.025) ; 52035 (0.023) ; 

Time=6  
3.6647202884113735e-05   T=6,K=0:  63772 (0.127) ; 62204 (0.038) ; 45252 (0.030) ; 59660 (0.027) ; 92783 (0.026) ; 84548 (0.026) ; 16051 (0.023) ; 112980 (0.022) ; 72627 (0.020) ; 114404 (0.020) ; 
0.11829788701911823   T=6,K=1:  27847 (0.117) ; 89366 (0.032) ; 112833 (0.032) ; 74420 (0.031) ; 4845 (0.031) ; 51182 (0.028) ; 64866 (0.026) ; 115887 (0.024) ; 11106 (0.022) ; 28569 (0.022) ; 
0.0002629616176817177   T=6,K=2:  112720 (0.077) ; nlsj8014 (0.069) ; 67894 (0.051) ; 76910 (0.048) ; 21578 (0.042) ; 114753 (0.038) ; 13039 (0.037) ; 33822 (0.035) ; 98417 (0.029) ; 16400 (0.025) ; 
0.00015770325137394364   T=6,K=3:  106988 (0.103) ; 19546 (0.067) ; 63772 (0.056) ; 3722 (0.043) ; 66574 (0.040) ; 116416 (0.036) ; 75308 (0.028) ; 76335 (0.021) ; 48051 (0.018) ; 111544 (0.016) ; 
4.346781219602084e-05   T=6,K=4:  26886 (0.064) ; 66295 (0.057) ; 43206 (0.057) ; 64165 (0.026) ; 19554 (0.022) ; 21578 (0.022) ; 29883 (0.020) ; 112980 (0.020) ; 84566 (0.019) ; 13096 (0.019) ; 
0.0010822250939352101   T=6,K=5:  105829 (0.146) ; 24184 (0.053) ; 106707 (0.044) ; nlsj1605 (0.044) ; 58066 (0.038) ; 112980 (0.037) ; 51373 (0.037) ; 2534 (0.036) ; 22209 (0.029) ; 110734 (0.027) ; 
1.2598313411787917e-05   T=6,K=6:  84234 (0.204) ; 56593 (0.129) ; 100495 (0.099) ; 57359 (0.042) ; 22660 (0.041) ; 101046 (0.038) ; nlsj35831 (0.036) ; 76029 (0.034) ; 79386 (0.022) ; 110341 (0.021) ; 
4.9122805341497416e-08   T=6,K=7:  114684 (0.132) ; 46646 (0.057) ; nlsj80526 (0.052) ; nlsj39496 (0.045) ; 42830 (0.040) ; 79526 (0.027) ; 15047 (0.025) ; 96929 (0.023) ; 109757 (0.022) ; 63772 (0.021) ; 
0.009454128926067012   T=6,K=8:  43206 (0.120) ; 75774 (0.055) ; 45996 (0.053) ; 31236 (0.042) ; 58450 (0.039) ; 84421 (0.032) ; 37776 (0.032) ; 1564 (0.032) ; 35983 (0.026) ; 84505 (0.026) ; 
8.402257534219132e-08   T=6,K=9:  111378 (0.050) ; 50440 (0.034) ; 46767 (0.033) ; 103745 (0.028) ; 102381 (0.027) ; 66342 (0.027) ; 30911 (0.026) ; nlsj68228 (0.026) ; 77035 (0.026) ; 11106 (0.022) ; 
3.3136428330953495e-07   T=6,K=10:  102000 (0.074) ; 115887 (0.067) ; 15893 (0.051) ; 114404 (0.034) ; 77613 (0.031) ; 15274 (0.030) ; 15047 (0.028) ; 90504 (0.027) ; 112217 (0.026) ; 48910 (0.023) ; 
4.463645611276021e-05   T=6,K=11:  106263 (0.042) ; 110639 (0.040) ; 36165 (0.038) ; 97908 (0.031) ; 65975 (0.031) ; 114413 (0.030) ; 68876 (0.028) ; 47980 (0.025) ; 19549 (0.024) ; 43206 (0.021) ; 
0.7767114081711783   T=6,K=12:  76703 (0.038) ; 75954 (0.031) ; 67009 (0.024) ; 70991 (0.022) ; 48579 (0.021) ; 63724 (0.020) ; 92783 (0.018) ; 104311 (0.017) ; 70922 (0.016) ; 37650 (0.016) ; 
0.08893428470804862   T=6,K=13:  76570 (0.048) ; 92783 (0.040) ; 62204 (0.030) ; 43309 (0.024) ; 65975 (0.024) ; 43461 (0.023) ; 5572 (0.022) ; 15618 (0.018) ; 54469 (0.018) ; 22975 (0.017) ; 
0.0049615869183282065   T=6,K=14:  51867 (0.051) ; 39151 (0.049) ; 33426 (0.041) ; 45794 (0.031) ; 83718 (0.027) ; 63772 (0.025) ; 6227 (0.024) ; 114548 (0.022) ; 75005 (0.021) ; 31236 (0.019) ; 

Time=7  
0.0005373804533002033   T=7,K=0:  63772 (0.126) ; 75552 (0.031) ; 84548 (0.028) ; 62204 (0.025) ; 59660 (0.022) ; 42830 (0.021) ; 84234 (0.021) ; 76029 (0.019) ; 92783 (0.019) ; 102000 (0.017) ; 
0.4088012210213923   T=7,K=1:  27847 (0.114) ; 112833 (0.045) ; 11106 (0.033) ; 89366 (0.031) ; 74420 (0.028) ; 115887 (0.028) ; 51182 (0.027) ; 4845 (0.024) ; 28569 (0.023) ; 88464 (0.021) ; 
0.00011047684276102644   T=7,K=2:  13039 (0.063) ; 112720 (0.052) ; 114753 (0.043) ; nlsj8014 (0.042) ; 76910 (0.042) ; 21578 (0.041) ; nlsj96932 (0.033) ; 98417 (0.032) ; 67894 (0.029) ; 33822 (0.029) ; 
0.028114522675947183   T=7,K=3:  106988 (0.066) ; 19546 (0.058) ; 116416 (0.054) ; 75308 (0.048) ; 63772 (0.045) ; 3722 (0.038) ; nlsj5408 (0.025) ; 66574 (0.024) ; 66961 (0.023) ; 111544 (0.019) ; 
6.946064740428468e-05   T=7,K=4:  43206 (0.082) ; 66295 (0.046) ; 26886 (0.044) ; 64165 (0.030) ; 112980 (0.023) ; 21578 (0.020) ; 48291 (0.020) ; 115887 (0.020) ; 8909 (0.019) ; 52571 (0.018) ; 
0.026494520470257445   T=7,K=5:  105829 (0.127) ; 2534 (0.046) ; 24184 (0.046) ; 58066 (0.044) ; nlsj1605 (0.038) ; 51373 (0.036) ; 112980 (0.032) ; 5131 (0.030) ; 22209 (0.030) ; 90009 (0.029) ; 
3.321749460335988e-08   T=7,K=6:  100495 (0.149) ; 84234 (0.139) ; 56593 (0.087) ; 22660 (0.055) ; 101046 (0.036) ; 110341 (0.032) ; 57359 (0.032) ; 79386 (0.028) ; nlsj35831 (0.026) ; 1899 (0.022) ; 
6.414815729630616e-06   T=7,K=7:  114684 (0.106) ; nlsj39496 (0.071) ; 42830 (0.046) ; 46646 (0.044) ; nlsj80526 (0.044) ; 79526 (0.026) ; 15047 (0.026) ; nlsj97867 (0.021) ; 110341 (0.020) ; 9233 (0.019) ; 
0.05223884797069975   T=7,K=8:  43206 (0.104) ; 31236 (0.065) ; 75774 (0.063) ; 84421 (0.055) ; 58450 (0.047) ; 56723 (0.035) ; 45996 (0.035) ; 37776 (0.030) ; 84505 (0.029) ; 35983 (0.025) ; 
2.8493168749063163e-06   T=7,K=9:  111378 (0.069) ; 103922 (0.042) ; 46767 (0.036) ; 50440 (0.035) ; 21401 (0.033) ; 98979 (0.028) ; 103745 (0.028) ; 77035 (0.027) ; 35360 (0.025) ; 102381 (0.024) ; 
3.7250998361743854e-06   T=7,K=10:  102000 (0.085) ; 115887 (0.062) ; 15893 (0.048) ; 114404 (0.039) ; 15047 (0.036) ; 112217 (0.028) ; 90504 (0.027) ; 77613 (0.026) ; 25908 (0.026) ; 26259 (0.024) ; 
0.00014736017370976418   T=7,K=11:  106263 (0.043) ; 110639 (0.037) ; 65975 (0.033) ; 114413 (0.033) ; 36165 (0.033) ; 97908 (0.031) ; 43206 (0.028) ; 68876 (0.028) ; 47980 (0.024) ; 114558 (0.019) ; 
0.40292727998281364   T=7,K=12:  63724 (0.034) ; 76703 (0.029) ; 104311 (0.028) ; 70991 (0.022) ; 48579 (0.022) ; 67009 (0.021) ; 75954 (0.020) ; 102869 (0.019) ; 102993 (0.018) ; 70922 (0.014) ; 
0.07000823120226307   T=7,K=13:  92783 (0.047) ; 62204 (0.034) ; 15618 (0.030) ; 76570 (0.025) ; 54469 (0.023) ; 22975 (0.022) ; 70958 (0.021) ; 84234 (0.020) ; 43309 (0.019) ; 43461 (0.019) ; 
0.010537676109515807   T=7,K=14:  33426 (0.040) ; 51867 (0.039) ; 39151 (0.038) ; 45794 (0.032) ; 6227 (0.026) ; 75005 (0.024) ; 63772 (0.024) ; 114548 (0.022) ; 31161 (0.022) ; 110734 (0.021) ; 

Time=8  
0.07705279781307431   T=8,K=0:  63772 (0.134) ; 84234 (0.044) ; 75552 (0.039) ; 59660 (0.022) ; 102000 (0.021) ; 76029 (0.020) ; 15281 (0.018) ; 84548 (0.018) ; 45252 (0.016) ; 62204 (0.016) ; 
0.06045860170344918   T=8,K=1:  27847 (0.136) ; 112833 (0.047) ; 74420 (0.043) ; 28569 (0.037) ; 89366 (0.031) ; 51182 (0.029) ; 11106 (0.026) ; 88464 (0.025) ; 38498 (0.024) ; 102736 (0.021) ; 
0.00030804255371046524   T=8,K=2:  nlsj8014 (0.061) ; 13039 (0.054) ; 76910 (0.052) ; 21578 (0.049) ; 114753 (0.041) ; 112720 (0.035) ; 67894 (0.035) ; 9014 (0.033) ; 84534 (0.031) ; nlsj46904 (0.031) ; 
0.08377132349170438   T=8,K=3:  75308 (0.061) ; 106988 (0.060) ; 63772 (0.048) ; 3722 (0.039) ; 116416 (0.038) ; 19546 (0.032) ; 111544 (0.027) ; 66574 (0.024) ; 56518 (0.023) ; nlsj5408 (0.023) ; 
0.08969722822443373   T=8,K=4:  43206 (0.083) ; 26886 (0.045) ; 112980 (0.024) ; 66295 (0.024) ; 15047 (0.024) ; 19554 (0.023) ; 84566 (0.022) ; 21578 (0.021) ; 48291 (0.019) ; 115887 (0.018) ; 
0.0018544424683046238   T=8,K=5:  105829 (0.084) ; 51373 (0.056) ; 24184 (0.055) ; 106707 (0.039) ; 2534 (0.037) ; 22209 (0.034) ; 90009 (0.032) ; 112980 (0.032) ; 58066 (0.031) ; 82887 (0.028) ; 
9.861295195434526e-06   T=8,K=6:  84234 (0.154) ; 56593 (0.087) ; 100495 (0.085) ; 22660 (0.074) ; 57359 (0.035) ; nlsj35831 (0.033) ; 101046 (0.033) ; 79386 (0.032) ; 110341 (0.031) ; 79983 (0.027) ; 
0.025562503824312813   T=8,K=7:  114684 (0.082) ; nlsj39496 (0.071) ; nlsj80526 (0.062) ; 42830 (0.042) ; 46646 (0.038) ; 17540 (0.036) ; 15047 (0.033) ; 79526 (0.031) ; 96929 (0.022) ; 96089 (0.022) ; 
0.13185991145788556   T=8,K=8:  75774 (0.109) ; 43206 (0.076) ; 31236 (0.058) ; 84421 (0.056) ; 45996 (0.036) ; 56723 (0.032) ; 58450 (0.030) ; 37776 (0.026) ; 3630 (0.025) ; 60209 (0.025) ; 
0.010987372856296578   T=8,K=9:  111378 (0.057) ; 21401 (0.041) ; 46767 (0.040) ; 77035 (0.033) ; 50440 (0.030) ; 67132 (0.029) ; 52332 (0.029) ; 61885 (0.026) ; 103922 (0.023) ; 98979 (0.020) ; 
0.03329421719944164   T=8,K=10:  102000 (0.075) ; 115887 (0.065) ; 15893 (0.057) ; 77613 (0.034) ; 112217 (0.032) ; 15047 (0.032) ; 114404 (0.026) ; 25908 (0.024) ; 19123 (0.023) ; 15274 (0.022) ; 
0.043145014262956055   T=8,K=11:  114413 (0.046) ; 43206 (0.037) ; 47980 (0.033) ; 36165 (0.032) ; 97908 (0.031) ; 65975 (0.031) ; 68876 (0.027) ; 19549 (0.026) ; 110639 (0.024) ; 106263 (0.023) ; 
0.2992739779882261   T=8,K=12:  63724 (0.034) ; 48579 (0.030) ; 104311 (0.025) ; 30911 (0.023) ; 102869 (0.021) ; nlsj61372 (0.021) ; 76703 (0.020) ; 70991 (0.019) ; 67009 (0.018) ; 8575 (0.017) ; 
0.0039612200651486205   T=8,K=13:  92783 (0.038) ; 43461 (0.036) ; 92329 (0.026) ; 76570 (0.025) ; 15618 (0.021) ; 70958 (0.020) ; 29809 (0.019) ; 62204 (0.019) ; 54469 (0.019) ; 22975 (0.019) ; 
0.13876348479586045   T=8,K=14:  39151 (0.034) ; 45794 (0.029) ; 6227 (0.028) ; 33426 (0.026) ; 51867 (0.025) ; 110734 (0.025) ; 15047 (0.025) ; 31236 (0.025) ; 63772 (0.024) ; 15281 (0.022) ; 

Time=9  
0.1846508220557934   T=9,K=0:  84234 (0.097) ; 63772 (0.095) ; 15281 (0.036) ; 75552 (0.031) ; 102000 (0.027) ; 42830 (0.026) ; 84548 (0.024) ; 62204 (0.021) ; 76029 (0.020) ; 31236 (0.019) ; 
2.469181868537688e-05   T=9,K=1:  27847 (0.076) ; 74420 (0.049) ; 112833 (0.037) ; 88464 (0.035) ; 89366 (0.033) ; 51182 (0.030) ; 38498 (0.028) ; 11106 (0.027) ; 28569 (0.027) ; 74378 (0.026) ; 
0.008912818922434187   T=9,K=2:  21578 (0.055) ; 13039 (0.053) ; 76910 (0.048) ; nlsj8014 (0.046) ; 9014 (0.044) ; 114753 (0.043) ; 67894 (0.041) ; nlsj46904 (0.034) ; 84534 (0.032) ; 112720 (0.030) ; 
6.288404663679913e-05   T=9,K=3:  106988 (0.057) ; 63772 (0.049) ; 75308 (0.039) ; 3722 (0.038) ; 116416 (0.036) ; 56518 (0.032) ; 66961 (0.031) ; 52332 (0.030) ; nlsj5408 (0.025) ; 90504 (0.021) ; 
0.028836327666545432   T=9,K=4:  26886 (0.068) ; 43206 (0.048) ; 66295 (0.026) ; 41357 (0.023) ; 21578 (0.022) ; 48291 (0.021) ; 112980 (0.021) ; 15047 (0.019) ; 84566 (0.017) ; 11305 (0.017) ; 
0.020602243635271366   T=9,K=5:  24184 (0.088) ; 105829 (0.056) ; 22209 (0.047) ; 51373 (0.046) ; 58066 (0.041) ; 2534 (0.039) ; 90661 (0.032) ; 112980 (0.030) ; 90009 (0.028) ; 35061 (0.026) ; 
0.010379939141581437   T=9,K=6:  84234 (0.148) ; 56593 (0.094) ; 100495 (0.079) ; 22660 (0.060) ; 110341 (0.042) ; 79386 (0.041) ; 57359 (0.038) ; 101046 (0.031) ; 79983 (0.029) ; nlsj35831 (0.029) ; 
0.03768816146508378   T=9,K=7:  nlsj39496 (0.067) ; 114684 (0.050) ; 46646 (0.047) ; nlsj80526 (0.041) ; 42830 (0.039) ; 15047 (0.037) ; 79526 (0.035) ; 112934 (0.030) ; 96929 (0.027) ; 109757 (0.027) ; 
0.005340783502927266   T=9,K=8:  75774 (0.072) ; 43206 (0.067) ; 31236 (0.057) ; 84421 (0.056) ; 56723 (0.048) ; 67352 (0.039) ; 58450 (0.028) ; 37212 (0.024) ; 60209 (0.021) ; 35983 (0.021) ; 
0.009881751153257809   T=9,K=9:  77035 (0.051) ; 111378 (0.049) ; 46767 (0.044) ; 21401 (0.039) ; 50440 (0.038) ; 102381 (0.031) ; 72610 (0.030) ; 103745 (0.029) ; 61885 (0.029) ; 103922 (0.026) ; 
0.025879451892656655   T=9,K=10:  115887 (0.065) ; 15893 (0.064) ; 77613 (0.043) ; 102000 (0.040) ; 15274 (0.033) ; 15047 (0.031) ; 114404 (0.029) ; 112217 (0.027) ; 67352 (0.026) ; 102436 (0.022) ; 
0.10613986065765149   T=9,K=11:  114413 (0.053) ; 36165 (0.042) ; 68876 (0.037) ; 65975 (0.029) ; 19549 (0.027) ; 43206 (0.023) ; 97908 (0.022) ; 6817 (0.020) ; 114404 (0.019) ; 30866 (0.019) ; 
0.28200490713344745   T=9,K=12:  104311 (0.039) ; 102869 (0.031) ; 48579 (0.029) ; nlsj61372 (0.027) ; 76703 (0.026) ; 70991 (0.026) ; 63724 (0.026) ; 8575 (0.021) ; 30911 (0.019) ; 68891 (0.018) ; 
0.19150750732151237   T=9,K=13:  92329 (0.038) ; 92783 (0.036) ; 76570 (0.029) ; 43461 (0.027) ; 43309 (0.024) ; 62204 (0.022) ; 15618 (0.022) ; 54469 (0.020) ; 31236 (0.019) ; 101249 (0.018) ; 
0.08808784958651533   T=9,K=14:  45794 (0.040) ; 15047 (0.036) ; 34855 (0.031) ; 39151 (0.030) ; 63772 (0.028) ; 6227 (0.026) ; 51867 (0.025) ; 98234 (0.024) ; 46425 (0.023) ; 31236 (0.022) ; 

Time=10  
0.18621933591740306   T=10,K=0:  84234 (0.084) ; 63772 (0.071) ; 15281 (0.043) ; 75552 (0.040) ; 102000 (0.039) ; 100693 (0.023) ; 89376 (0.023) ; 31236 (0.021) ; 62204 (0.021) ; 18334 (0.021) ; 
0.013598055323285112   T=10,K=1:  27847 (0.078) ; 74420 (0.064) ; 88464 (0.046) ; 51182 (0.032) ; 112833 (0.032) ; 11106 (0.029) ; 102736 (0.027) ; 38498 (0.026) ; 28569 (0.025) ; 104538 (0.025) ; 
0.05810616811566699   T=10,K=2:  9014 (0.050) ; 21578 (0.048) ; 84534 (0.046) ; 67894 (0.045) ; 76910 (0.043) ; 16400 (0.043) ; 13039 (0.043) ; nlsj8014 (0.042) ; nlsj46904 (0.041) ; 114753 (0.039) ; 
0.005347149204607351   T=10,K=3:  63772 (0.054) ; 75308 (0.047) ; 52332 (0.043) ; 106988 (0.035) ; 56518 (0.031) ; 3722 (0.030) ; 66961 (0.025) ; 48051 (0.024) ; 116416 (0.022) ; 19563 (0.021) ; 
0.04338287319460185   T=10,K=4:  26886 (0.064) ; 21578 (0.036) ; 48291 (0.030) ; 66295 (0.030) ; 51792 (0.026) ; 41357 (0.025) ; 43206 (0.024) ; 15047 (0.022) ; 84234 (0.020) ; 8909 (0.017) ; 
0.0007571610275899802   T=10,K=5:  24184 (0.064) ; 22209 (0.062) ; 58066 (0.052) ; 90661 (0.046) ; 51373 (0.046) ; 90009 (0.041) ; 105829 (0.038) ; 82887 (0.033) ; 2017 (0.028) ; 2534 (0.028) ; 
0.022297283250169195   T=10,K=6:  84234 (0.144) ; 56593 (0.097) ; 79386 (0.066) ; 100495 (0.061) ; 22660 (0.054) ; 57359 (0.042) ; 101046 (0.038) ; 110341 (0.035) ; nlsj35831 (0.034) ; 79983 (0.025) ; 
0.15881027971542744   T=10,K=7:  15047 (0.058) ; 42830 (0.050) ; 46646 (0.048) ; nlsj39496 (0.047) ; 109757 (0.044) ; nlsj80526 (0.043) ; 79526 (0.031) ; 114684 (0.031) ; 96929 (0.029) ; nlsj9571 (0.026) ; 
0.00011536323892333939   T=10,K=8:  75774 (0.086) ; 31236 (0.066) ; 84421 (0.048) ; 56723 (0.044) ; 67352 (0.043) ; 58450 (0.039) ; 43206 (0.037) ; 1564 (0.033) ; 6817 (0.027) ; 11058 (0.021) ; 
0.01211272060743514   T=10,K=9:  61885 (0.052) ; 21401 (0.044) ; 77035 (0.039) ; 111378 (0.038) ; 50440 (0.037) ; 103745 (0.034) ; 52332 (0.030) ; 46767 (0.030) ; 98979 (0.028) ; 103922 (0.028) ; 
0.028650532088771517   T=10,K=10:  15893 (0.058) ; 77613 (0.054) ; 115887 (0.039) ; 102436 (0.039) ; 102000 (0.033) ; 48910 (0.032) ; 15047 (0.031) ; 114404 (0.028) ; 67352 (0.027) ; 26447 (0.024) ; 
0.0009370463432896958   T=10,K=11:  114413 (0.067) ; 65975 (0.050) ; 68876 (0.036) ; 36165 (0.034) ; 97908 (0.029) ; 6817 (0.025) ; nlsj14870 (0.023) ; 43206 (0.022) ; 22425 (0.018) ; 19549 (0.016) ; 
0.15166056402785796   T=10,K=12:  48579 (0.038) ; 102869 (0.035) ; 76703 (0.034) ; nlsj61372 (0.034) ; 70991 (0.031) ; 104311 (0.030) ; 8575 (0.026) ; 84506 (0.020) ; 68891 (0.017) ; 73277 (0.017) ; 
0.02425677831079252   T=10,K=13:  43461 (0.029) ; 62204 (0.027) ; 92783 (0.026) ; 101249 (0.026) ; 29809 (0.024) ; 92329 (0.023) ; 76570 (0.023) ; 43309 (0.023) ; 84234 (0.022) ; 15618 (0.019) ; 
0.293748689634179   T=10,K=14:  15047 (0.047) ; 39151 (0.032) ; 34855 (0.029) ; 45794 (0.027) ; 46425 (0.025) ; 51867 (0.023) ; 63772 (0.023) ; 33426 (0.023) ; 114548 (0.023) ; 98234 (0.022) ; 

Time=11  
0.39608635773561707   T=11,K=0:  63772 (0.105) ; 84234 (0.050) ; 15281 (0.047) ; 75552 (0.045) ; 59660 (0.034) ; 76513 (0.033) ; 76029 (0.030) ; 102000 (0.027) ; 31236 (0.021) ; 42830 (0.021) ; 
0.003884453795147423   T=11,K=1:  74420 (0.058) ; 27847 (0.050) ; 11106 (0.049) ; 88464 (0.049) ; 112833 (0.043) ; 74378 (0.034) ; 51182 (0.033) ; 102736 (0.026) ; 28569 (0.022) ; 4845 (0.021) ; 
0.05315696861068662   T=11,K=2:  114753 (0.069) ; 21578 (0.065) ; nlsj8014 (0.057) ; 16400 (0.048) ; 9014 (0.040) ; 84534 (0.039) ; 67894 (0.034) ; 13039 (0.034) ; 76910 (0.034) ; nlsj46904 (0.032) ; 
0.039580345153620654   T=11,K=3:  75308 (0.053) ; 56518 (0.049) ; 52332 (0.047) ; 63772 (0.042) ; 3722 (0.038) ; 66961 (0.025) ; 106988 (0.023) ; nlsj5408 (0.020) ; 101851 (0.020) ; 66574 (0.020) ; 
6.9396043341788665e-06   T=11,K=4:  26886 (0.077) ; 21578 (0.060) ; 66295 (0.039) ; 64165 (0.022) ; 41357 (0.020) ; 15047 (0.019) ; 75954 (0.019) ; 51792 (0.018) ; 43206 (0.018) ; 48291 (0.017) ; 
0.0039630252960391145   T=11,K=5:  24184 (0.083) ; 90009 (0.062) ; 22209 (0.051) ; 58066 (0.042) ; 90661 (0.042) ; 51373 (0.038) ; 2534 (0.038) ; 82887 (0.037) ; 105829 (0.027) ; 2017 (0.023) ; 
0.033272513203069926   T=11,K=6:  84234 (0.101) ; 79386 (0.097) ; 100495 (0.080) ; 56593 (0.070) ; 79983 (0.044) ; 22660 (0.042) ; 76029 (0.041) ; 102869 (0.033) ; nlsj35831 (0.031) ; 110341 (0.023) ; 
8.595602798842221e-07   T=11,K=7:  42830 (0.082) ; 15047 (0.064) ; nlsj39496 (0.046) ; 109757 (0.044) ; 46646 (0.039) ; nlsj80526 (0.033) ; 112934 (0.028) ; nlsj9571 (0.027) ; 79526 (0.025) ; 96929 (0.025) ; 
0.02598694833658005   T=11,K=8:  84421 (0.093) ; 31236 (0.053) ; 58450 (0.049) ; 75774 (0.039) ; 67352 (0.038) ; 56723 (0.037) ; 43206 (0.035) ; 116416 (0.028) ; 34138 (0.027) ; 6817 (0.025) ; 
0.06102092431088748   T=11,K=9:  102381 (0.049) ; 77035 (0.047) ; 21401 (0.041) ; 98979 (0.035) ; 103745 (0.034) ; 50440 (0.034) ; 61885 (0.024) ; 111378 (0.023) ; 11106 (0.023) ; 26046 (0.023) ; 
0.026971463113783116   T=11,K=10:  15893 (0.084) ; 102000 (0.049) ; 77613 (0.041) ; 15047 (0.037) ; 68876 (0.030) ; 1899 (0.029) ; 26447 (0.029) ; 48910 (0.028) ; 102436 (0.027) ; 115887 (0.026) ; 
0.01254875395297723   T=11,K=11:  114413 (0.091) ; 65975 (0.036) ; 19549 (0.026) ; 36165 (0.026) ; 68876 (0.024) ; 80119 (0.023) ; 6817 (0.022) ; nlsj14870 (0.021) ; 43206 (0.021) ; 97908 (0.020) ; 
0.0633548274064142   T=11,K=12:  48579 (0.060) ; 76703 (0.041) ; 70991 (0.028) ; 104311 (0.027) ; 102869 (0.026) ; 30911 (0.025) ; nlsj61372 (0.024) ; 8575 (0.022) ; 54631 (0.020) ; 42214 (0.020) ; 
0.0030535256398053273   T=11,K=13:  5572 (0.032) ; 43309 (0.029) ; 101249 (0.027) ; 62204 (0.026) ; 92783 (0.025) ; 9070 (0.020) ; 12162 (0.019) ; 84234 (0.018) ; 43461 (0.018) ; 22975 (0.017) ; 
0.2771120942807577   T=11,K=14:  15047 (0.044) ; 33426 (0.034) ; 68890 (0.031) ; 45794 (0.029) ; 114548 (0.028) ; 98234 (0.021) ; 39151 (0.020) ; 11136 (0.019) ; 31236 (0.019) ; 25194 (0.018) ; 

Time=12  
0.03462049885738474   T=12,K=0:  63772 (0.124) ; 15281 (0.044) ; 84234 (0.033) ; 75552 (0.032) ; 76513 (0.032) ; 18334 (0.028) ; 89376 (0.027) ; 102000 (0.024) ; 59660 (0.022) ; 76029 (0.022) ; 
0.08561937430227358   T=12,K=1:  74420 (0.071) ; 28569 (0.053) ; 11106 (0.048) ; 88464 (0.043) ; 51182 (0.042) ; 74378 (0.030) ; 112833 (0.029) ; 27847 (0.029) ; 4845 (0.027) ; 89366 (0.021) ; 
0.04148272262345186   T=12,K=2:  nlsj8014 (0.092) ; 21578 (0.066) ; 16400 (0.052) ; 76910 (0.046) ; 9014 (0.044) ; 84534 (0.041) ; 114753 (0.040) ; 33822 (0.038) ; 13039 (0.036) ; 67894 (0.027) ; 
0.00461092138424658   T=12,K=3:  75308 (0.064) ; 52332 (0.050) ; 56518 (0.049) ; 63772 (0.039) ; 3722 (0.037) ; 116416 (0.027) ; 66961 (0.025) ; nlsj5408 (0.023) ; 37097 (0.023) ; 106988 (0.022) ; 
0.0007661255817248648   T=12,K=4:  26886 (0.074) ; 21578 (0.057) ; 66295 (0.048) ; 19554 (0.029) ; 48291 (0.027) ; 41357 (0.023) ; 43206 (0.020) ; 60535 (0.019) ; 51792 (0.019) ; 8909 (0.018) ; 
0.27989871171361913   T=12,K=5:  24184 (0.126) ; 58066 (0.047) ; 22209 (0.041) ; 90661 (0.040) ; 90009 (0.031) ; 51373 (0.029) ; 2534 (0.027) ; 83834 (0.027) ; 55714 (0.023) ; 82887 (0.021) ; 
0.0069731988550673935   T=12,K=6:  84234 (0.150) ; 100495 (0.098) ; 79386 (0.093) ; 56593 (0.060) ; 79983 (0.048) ; 76029 (0.043) ; 22660 (0.035) ; 102869 (0.026) ; 110341 (0.025) ; 57359 (0.023) ; 
5.57184446067189e-07   T=12,K=7:  42830 (0.065) ; 15047 (0.045) ; 109757 (0.038) ; nlsj39496 (0.038) ; 112934 (0.034) ; 96089 (0.033) ; nlsj80526 (0.032) ; nlsj9571 (0.032) ; 96929 (0.029) ; 114684 (0.028) ; 
4.714333096578402e-07   T=12,K=8:  58450 (0.069) ; 84421 (0.057) ; 50165 (0.050) ; 75774 (0.045) ; 43206 (0.039) ; 56723 (0.034) ; 6817 (0.034) ; 31236 (0.033) ; 67352 (0.029) ; 102736 (0.029) ; 
0.18556979607110924   T=12,K=9:  77035 (0.064) ; 46767 (0.050) ; 21401 (0.038) ; 102381 (0.033) ; 98979 (0.029) ; 103745 (0.028) ; 67222 (0.025) ; 11106 (0.025) ; 103922 (0.024) ; 50440 (0.023) ; 
3.841626868965944e-06   T=12,K=10:  15893 (0.084) ; 102000 (0.074) ; 77613 (0.056) ; 115887 (0.039) ; 15047 (0.035) ; 68876 (0.030) ; 114404 (0.026) ; 26447 (0.026) ; 48910 (0.025) ; 102436 (0.024) ; 
0.242152772710477   T=12,K=11:  114413 (0.088) ; 19549 (0.029) ; 29805 (0.027) ; 43206 (0.026) ; 48291 (0.026) ; 97908 (0.025) ; 68876 (0.023) ; 106263 (0.022) ; 42827 (0.020) ; 80119 (0.020) ; 
0.06857570008728464   T=12,K=12:  48579 (0.052) ; 76703 (0.041) ; 104311 (0.037) ; 30911 (0.031) ; 70991 (0.031) ; nlsj61372 (0.027) ; 68891 (0.027) ; 42214 (0.022) ; 102869 (0.021) ; 22975 (0.019) ; 
0.007628310822118815   T=12,K=13:  5572 (0.040) ; 43461 (0.029) ; 92783 (0.028) ; 62204 (0.025) ; 26046 (0.022) ; 12162 (0.022) ; 43309 (0.022) ; 22100 (0.021) ; 84234 (0.021) ; 49718 (0.020) ; 
0.04209699674661733   T=12,K=14:  15047 (0.040) ; 68890 (0.037) ; 114548 (0.027) ; 25194 (0.025) ; 45794 (0.025) ; 33426 (0.023) ; 11136 (0.023) ; 70743 (0.021) ; 34855 (0.020) ; 51867 (0.020) ; 



-----------------------
 kappa_c 0.061383 , kappa_f 10.000000