95	9	72610 61317 nlsj7583 88971 92706 96767 58790 51358 113496 83490 24925 58553 79828 110114 80357 64791 55 104274 45996 nlsj65911 23069 89587 28360 27847 56991 9721 9757 35219 109862 64866 57311 79828 56586 45996 115471 109459 71976 36575 nlsj79946 101456 98707 24289 100310 55498 
270	7	76910 76910 15047 28549 104806 25916 71976 
270	7	102000 29883 6339 66306 85306 22209 77613 76029 22209 73651 73591 22209 30866 nlsj65911 110598 73277 71976 43206 71976 45996 108536 115887 30866 30866 115887 
270	7	59339 85306 64866 31945 28592 59339 2672 73672 66306 101560 70922 26197 21802 103745 6339 71976 44397 nlsj32160 32981 37410 
270	7	36165 65565 115887 18107 15047 83774 54381 67762 38720 5162 5162 67762 65552 65565 28569 28569 28569 5168 5162 71976 
270	7	90504 46603 115887 66342 62204 8305 62204 92010 66306 110639 46603 nlsj89132 24847 31607 26226 84365 100495 71976 85982 68641 46603 66295 2665 68641 89960 46603 104355 49933 2666 2665 66342 115887 2665 112794 66342 24706 46603 76513 73277 2668 
100	6	69751 53477 20795 81191 85665 57457 104685 13813 71976 65552 108186 59238 13813 9082 2061 84081 
-375	7	nlsj80462 71976 80978 45996 15893 80978 66494 45996 
200	9	nlsj6956 7051 74735 114731 71976 102000 45996 22968 
95	9	75595 6624 70495 93388 106263 81934 19477 71976 47620 56393 4845 115887 68206 19282 57460 75156 73277 9082 100971 66342 72627 91154 110598 86184 
95	3	37776 11683 nlsj9913 nlsj9025 31161 92384 15133 29883 nlsj4677 31161 23726 nlsj5614 70968 11058 83665 71976 20885 28569 45996 63772 23730 85306 93789 73064 nlsj5620 110639 83834 47991 81852 94769 25401 31161 nlsj56179 94711 nlsj5614 37776 69649 nlsj4709 110114 94711 28566 63772 18107 66173 62204 nlsj2558 nlsj4677 55544 85306 92384 9082 nlsj5620 30814 62204 nlsj27431 111462 63772 nlsj67993 79223 
95	9	58553 63772 112350 63713 90166 nlsj59172 103918 42840 49415 36180 9139 26646 110745 112351 71976 34451 38423 56586 64152 100249 52193 8195 12137 1564 24567 86461 28401 115815 84234 109018 26199 89346 
95	9	66494 8575 47735 71976 16112 16160 76185 102000 99045 nlsj104156 32998 22100 8909 nlsj39591 57460 76910 3630 7724 64866 90504 36661 76678 
270	7	102000 102000 73277 73277 74631 43206 43206 51148 71976 6174 104355 55905 17479 22209 38608 43206 13033 
-35	3	55139 101934 91439 82451 83933 nlsj107880 61092 34608 65565 25106 115193 28566 24289 71976 48760 
-375	7	71976 83774 32686 85306 64588 11760 17478 11886 52332 45996 
150	4	67853 nlsj2565 49761 102000 92305 29883 80968 115201 111724 51369 86371 71976 113864 
100	6	90410 46646 85306 46804 114753 91634 71361 79030 69627 104685 109583 85306 88793 71976 94979 56991 83718 45996 2764 114615 63937 85306 56991 
-335	6	16112 90522 31161 66173 85306 66838 33956 72627 66173 25120 116050 85734 66173 25120 85734 31562 116050 22209 71976 62383 98241 63772 114548 74126 72627 60646 40462 66494 51148 
270	7	71976 91547 22100 11970 91547 91547 11970 22100 65552 
230	6	3398 nlsj4770 51379 85246 71976 102000 107547 87417 47735 105550 31947 70949 17082 107952 
-355	6	102736 11197 19005 114093 56153 86108 62010 89346 71976 85306 
220	9	nlsj110247 nlsj78515 24342 19477 nlsj67620 nlsj13088 60410 57771 9082 83398 56567 71976 35109 108466 21651 42615 82190 2392 50337 50274 56567 39078 18515 46804 22958 83756 33539 51366 108316 96503 84034 75156 17141 11389 85665 92077 4274 12553 57771 35109 nlsj67620 nlsj61122 6601 83732 109555 115975 2392 45610 29883 nlsj100420 1095 
270	7	92010 98976 102000 102000 92010 37720 72287 35267 72287 30866 72330 99507 nlsj61372 62204 37720 115210 63212 35267 30866 66306 37720 106601 71976 5162 85306 nlsj41805 
270	7	72627 90433 71976 92533 76118 92533 43206 43206 76910 66173 92533 12227 71976 68641 
-700	0	37114 76910 1083 74378 71976 
-420	6	34020 97605 32303 nlsj78244 100038 102183 71976 49805 103922 36588 72759 18331 102000 nlsj71743 74463 
95	3	74185 nlsj69449 104478 52571 72287 39876 761 110012 29463 80427 112989 37726 53651 101851 67156 19554 88361 71976 
270	7	22209 91547 102736 93491 73277 115887 79484 71976 22209 66294 23658 115887 1872 106502 79955 112720 23658 24292 113864 45996 23658 
-700	0	nlsj11198 70495 71976 33059 18898 49415 96698 414 
238	3	26116 63772 48975 61291 88781 18334 15345 19546 67313 55139 71976 66561 
0	6	85306 97547 84248 109918 112720 67507 58429 24473 74126 37851 82190 85306 98005 68641 101024 15274 71976 25916 102386 27847 81130 85306 nlsj5409 nlsj2712 83665 nlsj5158 50236 24342 
230	6	83033 22389 92305 71976 93388 260 
228	9	82394 69863 33059 36847 71976 108660 10923 104870 25916 98417 19123 
400	0	nlsj13840 93435 23642 102490 104695 16435 30938 17518 110606 48015 71976 11701 
171	4	71976 64866 2660 13579 85306 
228	9	38547 9082 45192 nlsj76164 2830 83622 nlsj4360 83869 6339 103701 99858 16259 28566 62204 43309 65265 71861 45996 105458 43309 108479 17142 91923 19005 43309 80237 86108 103922 71834 58142 50436 51087 33683 71976 114122 43309 49617 101851 11071 39531 19153 4509 72254 27847 62204 
95	3	60245 22100 62306 65565 93786 39088 71976 102652 84234 41513 
-35	3	71976 101456 100495 22960 45313 
230	6	2665 18390 93388 77596 112016 72666 65139 105550 83669 71976 88821 108946 13610 33921 
230	3	101851 115055 65565 19381 75552 55910 102000 98234 74732 2668 22544 112720 28009 28588 40331 73277 43206 90258 16924 68754 73277 102000 51867 112720 45996 nlsj14870 72627 71976 65552 2057 100693 90504 73277 65565 33426 62204 112720 45996 nlsj14870 
95	9	57466 100084 78805 nlsj107632 112989 77603 13586 100872 115887 70910 45656 75156 71976 75552 64757 27629 112833 35863 57460 63772 14391 72610 29381 45996 71023 59794 71023 115887 48051 1083 49468 45610 112794 38409 63772 51369 63772 110284 nlsj20490 
-355	7	90504 71976 15047 nlsj32160 102515 85912 114599 
-355	7	nlsj32160 nlsj34252 67762 21920 67778 74735 99069 85306 71976 74735 
-375	7	71976 nlsj68228 1564 61791 
175	9	40807 21651 71976 
400	0	19427 74006 4854 48670 42328 66004 71976 11701 59098 113505 22660 113560 80403 115374 50260 42143 115067 33308 47804 1774 24022 nlsj2559 79585 323 1918 83139 nlsj15332 63497 66004 71282 72586 53442 45996 74691 20469 1774 50261 
171	4	72627 14568 27847 24850 46804 66494 45996 108078 30522 20621 31742 1097 86607 76028 77768 3398 73994 106945 49173 75005 23292 113328 22502 71976 8343 8909 35109 63772 28588 
-10	6	77895 51326 109918 62383 19916 77699 81154 78008 42854 101976 26061 63772 35983 22523 nlsj5284 39089 61791 19916 86122 75753 66252 8665 62347 68754 105524 26808 112227 32657 59708 67250 41360 105829 7949 65552 30030 48021 42827 112720 71976 84250 55149 63772 1083 111490 46221 nlsj5771 26815 84234 37776 12965 4962 73742 
95	9	43977 10045 3398 3398 62204 62204 16907 30406 2268 3398 30796 116477 63772 24289 55905 18788 115471 64866 26467 55572 110834 110114 nlsj56504 88299 28999 72153 52332 35708 62204 nlsj32160 70364 64866 32698 72234 106079 16267 1872 30580 20621 114651 21827 71976 112677 88855 
-430	3	72522 40930 56991 13924 8909 403 38547 7724 10923 71976 112411 55595 2392 3171 
400	0	48291 17670 86108 33025 62939 20469 41191 76805 20981 53442 113560 65615 116059 83057 85837 7712 70360 71976 74691 22348 86083 44964 
-365	7	73277 nlsj8577 62204 77637 44345 101560 34795 71976 nlsj73388 51109 77613 
95	3	37890 38467 78332 6646 nlsj5528 57393 77158 77962 85306 22209 51261 108411 22818 32680 71976 48051 106094 79119 nlsj2087 47735 4548 1564 104639 80399 90305 95721 62528 89344 59880 78692 74819 nlsj80617 24895 
95	3	31562 85306 64866 73064 79983 65552 nlsj81833 14705 45372 28569 71976 26199 79983 31990 86112 19477 112351 114548 37410 nlsj32859 78343 68445 38423 64151 101851 90504 55361 
200	9	47796 43261 8238 72610 84068 2224 10438 37890 70050 71976 32843 79683 10304 80399 6783 
228	9	56153 4290 83605 71976 67156 
95	3	38547 57361 1098 47991 79484 45996 69961 97133 114115 111947 108369 3237 102000 46858 78352 2268 85306 16052 112351 69953 109472 85306 52572 1093 15618 31351 106094 nlsj9327 57361 1587 nlsj10686 nlsj8671 35021 57768 33603 103681 65552 33791 59339 4845 61856 112833 84245 71976 98811 38929 22209 47991 77592 nlsj5486 60166 113328 33819 76765 11075 33903 6871 104429 112351 nlsj39048 47897 22209 
270	7	71976 102016 113560 108418 18107 54399 28569 8575 90504 89405 113560 5168 66342 29883 112880 67762 71976 72627 56642 84234 65552 82367 101566 102000 26186 110284 35267 81343 110114 4455 17325 37726 71976 35267 110639 79983 66294 37726 71976 42827 31945 35958 67762 71976 110284 54345 37720 71976 102016 67762 110284 102000 45996 110284 112880 102000 43206 28569 102016 110598 71976 102000 109783 103871 110284 28569 31161 nlsj68228 110284 40818 29883 73277 37720 101560 103745 25401 74631 90504 56393 42358 72153 74432 13586 47916 84234 4845 116054 101566 102000 17012 nlsj175 110284 116054 
95	3	nlsj71743 101055 98664 71976 28002 nlsj1164 8665 104690 72287 nlsj8237 22739 68891 36966 89982 106566 27209 113163 88464 84238 nlsj40132 51376 12681 46612 22209 33014 nlsj9619 
100	6	114615 85306 53477 28401 48436 98707 66342 71976 414 43060 48446 6726 1083 
270	7	100765 95853 26438 22209 21904 83665 95853 85306 104355 66306 73277 92010 26412 20621 64914 74631 66342 73277 103745 76029 nlsj89132 107312 13760 nlsj32160 6339 66294 nlsj89132 57817 16986 66199 85913 71976 76029 43206 
95	3	nlsj32167 77574 32426 56586 28002 71976 110655 52332 11894 61885 37200 77847 97148 54345 nlsj7856 51738 19477 106080 66342 16051 11072 98038 28569 25373 66342 68641 16051 19789 66342 90504 102167 103298 61791 24261 105344 77928 40818 98355 25373 
155	4	51085 45499 84494 63772 35360 4076 45492 nlsj89241 43206 51373 65552 28566 2660 63772 nlsj82252 104417 71976 84494 
95	3	72627 4083 19719 44552 112545 8665 16051 30796 85306 28588 46613 46613 nlsj32167 85306 73517 74735 85306 28 3398 86460 22209 20621 63772 45794 36165 nlsj68228 26613 nlsj2672 24856 46218 105964 64583 81154 68445 71976 82367 
238	3	95661 31161 21899 98234 104166 7949 95641 71976 114553 110639 72202 106079 110639 43089 
-200	6	45996 71976 61041 100524 93478 44214 
270	7	84365 68641 57530 106601 78926 31607 102000 37851 31607 84365 83081 24523 73277 59660 104246 65565 98234 71976 nlsj177 25121 67308 102000 22209 100495 24841 24739 22209 43206 43206 56723 65552 104355 55905 43206 104421 75552 100410 31607 104355 
-35	3	104095 43977 69753 102000 73064 74378 99116 72106 95789 105495 73277 71976 55905 115067 115972 80471 22209 34107 32657 114339 104586 65934 18537 11962 93835 21902 
-35	3	48579 44452 98211 nlsj8827 84509 83774 97115 74797 83495 115471 41045 97132 43951 65295 55139 nlsj8827 71976 90371 102392 110012 1083 88922 33903 260 83774 
95	9	54217 83763 58350 84234 60736 10923 71976 18790 51849 80140 81343 106263 115193 51241 
400	0	104165 41858 110639 56907 nlsj9874 9082 104857 19428 65099 7137 102490 114816 16609 65552 59710 27846 114816 107890 68641 45996 76765 71976 nlsj11308 3591 nlsj112815 18790 
-35	3	71976 65552 47007 102589 74385 86108 62274 50824 96981 nlsj33345 18790 28 
-355	7	22100 71976 91547 1872 103785 
365	8	92010 11928 48321 67762 102000 71976 81217 103190 68501 112720 
95	9	109757 93478 92077 71976 83490 64914 346 2767 81501 114672 84245 68641 10406 70910 16110 94815 112217 nlsj39496 46654 67014 2521 5735 69527 55556 35322 7832 91087 84234 64956 109871 
270	7	71976 45996 73277 45996 
100	6	42338 67422 71976 53477 65552 
95	9	nlsj3736 nlsj6291 75552 2764 110598 114672 104508 71976 nlsj32160 90166 29883 62204 89440 24567 
400	0	5387 63974 30474 71976 33923 49272 104209 103406 35769 60646 nlsj34375 nlsj9884 
-354	4	74735 112720 85306 24917 nlsj59172 64866 110979 113388 73496 43309 84234 110090 110855 110521 71976 93713 116470 
95	3	80570 72357 65552 21920 71976 41513 75639 41498 
-420	6	54469 74621 64483 76258 71976 112794 97313 58319 79094 30811 19926 64503 30796 74602 15763 19381 102514 58319 64503 30796 
-375	7	nlsj80462 85306 71976 110114 
-35	3	25574 102000 3436 104146 112720 97908 71976 14684 99045 32410 37917 28768 
270	7	90504 6339 108279 75699 71976 65565 46646 83010 115887 24289 73881 45996 65565 98234 45996 65565 
-365	7	65552 101851 72279 67762 84494 71976 69595 15893 26197 
-200	6	3831 88971 18057 88971 67762 86112 81130 71976 67762 3826 37776 
95	3	5127 112720 46782 71976 45996 104643 29463 36232 29277 
-355	6	6339 71976 102381 65552 91439 110114 
95	9	110456 103714 19563 65552 67762 109865 6549 33539 67778 nlsj10866 67762 46782 36575 86112 45996 71976 82443 39125 64866 54075 101611 93143 59519 
270	7	33426 55914 78006 71976 11098 67230 73672 49752 62204 33426 102000 49761 65552 70972 103745 nlsj89132 67230 115887 65552 65552 102000 
80	1	104421 45996 81501 70550 65096 71976 14048 44754 4965 108819 104695 87771 1093 18445 83319 15900 102940 50171 87771 113328 108780 96297 2739 55544 24084 49203 48291 51825 
-200	6	nlsj32160 61885 35708 67014 67752 84234 64866 65565 67014 71976 61791 93166 65552 75954 
-355	7	112351 4083 77613 65552 60308 86188 112356 1564 98234 106094 114548 nlsj14967 107753 67762 463 79223 92077 110598 72627 18707 114972 60340 71976 65685 105753 83987 3441 101611 70813 74378 51881 111023 58429 nlsj14967 17478 96106 103975 110727 99432 
95	3	79223 84534 33424 nlsj6592 71976 90371 19972 110606 83774 6483 761 nlsj32160 73064 77699 87541 nlsj29836 3238 45996 28569 114548 
270	7	46256 98234 71976 106502 1872 22209 92010 65552 22209 42830 85306 31607 62204 
-410	2	744 80011 48291 nlsj56179 21651 26197 71976 
230	6	75810 2660 33482 91137 92077 102386 82756 54217 22100 20981 71976 
270	7	84202 32312 nlsj968 81687 52774 75552 23069 18519 73672 52774 18519 84202 73277 nlsj61372 8909 48291 76335 42827 nlsj177 45996 52774 30866 77596 46804 22209 84234 103701 62204 103707 nlsj177 103701 nlsj5947 84238 106601 63772 106601 84234 63772 52774 90504 nlsj13189 71976 nlsj61372 nlsj62657 71976 114615 63772 71976 84234 nlsj61372 67762 65552 30866 73672 57460 26061 115887 74735 103745 28569 52774 71976 65565 nlsj24463 
-415	2	85306 71976 101456 86917 
228	9	27847 74735 71976 89983 52812 15281 46782 29805 70958 89066 
-200	6	68641 28592 113356 11072 63845 28592 66838 22281 51326 89772 64866 65469 23726 22281 67778 58847 45996 23726 71976 65565 
-405	2	33059 72357 22100 112467 52332 13096 53597 27629 nlsj56179 113560 102242 63928 59295 77151 91547 6616 37776 2024 19381 71492 113560 57066 102242 67762 89366 71976 67762 61138 
93	3	68734 39718 nlsj106503 86112 71976 51849 48291 17091 74621 26943 86219 18128 nlsj76838 nlsj38759 86219 78100 
270	7	103745 5168 77613 112720 37343 76029 45996 5168 88142 103745 43206 95898 112720 66494 6184 51849 5168 90504 102000 66323 102000 nlsj107632 115067 84365 84552 85306 102000 71976 18390 43206 77613 nlsj62657 71976 71976 18390 65565 66342 nlsj65911 58450 73776 45996 nlsj65911 43206 43206 76513 nlsj65911 76029 
50	6	73064 2654 97121 nlsj107632 27858 nlsj97331 11709 114624 43537 71976 nlsj68228 63969 102373 83774 
313	3	109918 112350 107208 59313 11075 28148 64866 40888 30790 52571 95567 761 41045 6324 106792 4845 18980 24440 28124 nlsj91215 45664 85306 15047 83319 110740 67974 71976 107546 53290 
95	9	33800 15893 51662 45996 102432 71976 
0	6	52332 71976 102000 63772 113496 nlsj17219 67507 81432 34855 
95	3	nlsj7604 75555 72610 24826 19972 58789 nlsj59172 35219 65552 71976 85417 36588 22209 66594 nlsj9090 47931 44552 4845 28002 110598 41271 45284 24856 85306 41340 nlsj32160 112720 102117 102515 39489 
95	3	71976 112351 19381 83987 102000 48372 24856 114548 38423 49908 104429 93711 109918 34138 113388 95587 78737 67853 109631 110745 45996 nlsj8580 31161 76703 113711 22209 
100	6	86307 61885 95970 26207 67762 71976 
-35	3	nlsj1435 715 86219 21651 71976 67501 110746 46249 110689 
95	9	42833 72610 105618 59061 114548 110662 93789 48291 11072 nlsj96033 397 57262 63715 93478 112217 91372 112833 25130 49367 8601 63635 67260 71976 83490 67014 74126 17453 110662 79526 11072 
95	3	90128 19972 71976 45996 76258 28165 
230	6	nlsj11198 65552 72627 32686 71976 102000 43789 89321 116293 48670 7738 36892 24340 
400	0	19585 3847 14568 64003 93435 112347 30434 47735 30030 50284 102772 71976 11699 nlsj39852 113505 43150 47687 18537 3325 114073 65097 64234 
95	3	31565 65565 42214 84494 10251 43291 23913 84480 51661 31565 43592 71976 36575 112351 70962 84513 15893 38423 95565 49145 102782 108381 62721 38876 26604 84234 46612 90504 109757 50093 46613 76213 19546 80011 nlsj96033 41502 
400	0	nlsj74282 23595 35576 73965 49534 27219 74801 nlsj39496 19183 54358 8238 55949 71976 9014 113560 93090 28000 84741 74571 73355 47665 95661 42214 
100	6	71976 81927 37910 37720 
400	0	19477 71976 45996 48002 104209 101249 22019 66000 84331 21765 nlsj186 110793 66187 nlsj3383 72632 47734 25911 49310 92514 
270	7	67974 102000 112720 3398 83622 85306 66252 102000 72627 34440 79094 103745 115980 102016 112720 31161 113711 114615 81049 103745 25401 nlsj11198 63845 101560 70922 59339 30866 34300 115887 102381 102000 65565 24292 70922 25905 86429 65565 22209 5162 77895 28569 37408 31945 65552 28569 36165 71976 
270	7	2672 65565 71976 49875 104355 45996 72627 4845 nlsj65911 83669 104355 
400	0	50363 65099 83231 106502 nlsj7155 26447 113388 83231 76743 115108 72626 nlsj9874 69927 83231 70364 71976 74691 
95	9	22100 51373 nlsj4012 80327 17105 51241 57643 75954 113963 116218 42267 18707 43325 93634 59516 1872 109397 96560 71976 45879 110598 22100 nlsj8862 1143 57643 81343 
-335	6	45996 38578 65565 85306 41824 49875 104508 35165 4845 86219 85306 66295 67853 94769 108626 66342 68641 41824 26761 85306 66295 4845 84234 80964 72254 17478 84238 71976 
-335	7	71976 67762 28569 103994 85306 64866 107520 
95	9	95659 62204 nlsj4012 nlsj34367 71976 31562 83139 55404 55149 105344 46654 
270	7	71976 90504 65565 80181 109750 2668 72610 
170	6	33770 56702 106263 71976 19381 89667 53897 77699 22209 74735 88410 46646 81325 40882 
-401	2	62204 20885 2754 69052 71976 83754 
0	6	72153 72610 63772 92384 16986 76516 85306 25678 45996 49389 33174 51849 71976 65469 93713 115980 41082 
-35	3	60356 48579 89386 102736 71976 88602 
313	3	49761 73277 108780 29654 107315 17153 72627 55343 27142 71976 8216 102096 13427 nlsj48569 28566 8627 32964 
95	3	68936 58557 37623 52571 44854 71976 28569 19477 102394 58703 110745 78443 110858 8613 66945 nlsj744 23799 64151 11901 29223 
238	3	75552 12035 32686 19546 71976 20621 76118 11058 46613 43206 25120 46613 74735 
230	6	88781 61660 11325 110381 33076 nlsj78558 26039 96602 71976 19775 66494 26512 24340 83732 92532 
270	7	112559 18107 71976 61791 18107 104355 106601 110272 80357 67762 61791 71976 48291 52571 84234 45996 110272 45499 42827 
100	6	82707 68641 71065 15893 71976 6449 
150	4	65552 71976 6616 79103 110598 92077 67762 13096 
171	4	22209 112623 15893 110243 90504 72627 22209 38547 87417 71976 36576 20494 66561 37480 72106 78228 23726 91634 47007 
95	3	94004 90504 74225 53656 91547 55579 19683 16556 1476 22209 38547 19485 29358 85306 83774 71976 67762 11058 28566 
95	3	22209 45675 84494 44964 nlsj54025 61753 87541 86219 104429 64161 57456 31710 82670 30811 40231 16986 64050 82550 19554 97121 17730 85306 26116 97148 19282 83928 77592 33770 56518 31945 112158 69849 104949 31945 55139 34487 63300 6871 42168 761 114629 72357 103701 nlsj39585 90504 114753 84494 33903 71976 65565 nlsj7276 22209 
-370	3	71976 67762 106094 22209 nlsj71743 23628 
78	3	29958 50616 91085 61885 37776 32680 34366 nlsj32161 110243 nlsj109979 nlsj94677 97121 92204 64866 84422 nlsj14967 22209 98234 62204 86276 46613 71976 46606 55193 95273 27847 23726 38245 115887 45996 
95	9	77949 86112 110114 67543 109871 19381 72357 71976 42132 
95	3	33057 90504 74797 48372 24436 6871 113388 35219 85306 68641 71976 58429 11075 15893 112720 106263 20621 nlsj32859 46802 112794 
95	3	85306 96193 71976 28569 73064 26447 23799 69419 5390 12625 65552 72287 nlsj32160 46178 1083 61073 32657 1379 21920 85306 61708 
171	4	48291 34855 103922 9757 104690 71976 
270	7	12409 46646 84548 nlsj32160 78445 33494 65552 80326 112720 72627 26412 72627 63212 72627 60535 65552 56393 57039 104421 nlsj667 75552 31706 45996 75308 67225 104421 71976 103745 103745 63212 28569 
100	6	98234 76017 41208 71976 108172 72106 77613 58319 82343 61128 116497 49938 23913 34107 111735 38547 114364 115865 73277 86108 64866 
228	9	74225 33059 nlsj34819 78607 58319 71976 25194 24337 26233 nlsj39496 115102 
100	6	33751 nlsj68238 71976 nlsj99416 17018 101032 109729 73277 3903 75552 45656 6184 114741 72927 85306 33751 8207 52332 75539 85665 46425 47876 
-365	7	77637 44345 101560 34795 71976 nlsj73388 51109 77613 
95	3	54217 84527 67762 24856 927 27847 110598 18271 80399 18643 84505 nlsj6577 nlsj2987 42214 46612 15373 94612 80570 17986 6224 19841 89440 16052 24352 21920 65552 83987 70949 96095 12281 30796 71976 46646 28569 36339 16051 11072 
165	3	102000 65552 105754 93388 106263 66561 1258 65615 71976 19381 33257 28433 85665 1522 77102 22209 
-340	8	73277 nlsj7477 28569 89418 66342 92711 45996 114653 16171 nlsj106503 71976 86112 44214 
238	3	114706 62204 24523 67875 22825 41045 13102 21387 42827 18107 15893 71976 73064 41335 42827 
171	4	40451 42710 102736 71976 83665 4845 47695 79223 41335 112934 12136 
95	9	24340 24226 112720 103528 86429 102000 102936 79526 14565 71976 10631 31562 13039 35105 65552 
-200	6	86112 67762 24289 71976 104421 62383 
228	9	60328 6933 83458 59905 66494 83451 71976 56642 73951 
400	0	31161 112762 19196 27490 91547 106263 1640 46195 20945 47306 4864 103942 110484 76805 nlsj106821 67526 113374 15571 21651 63979 80011 86069 67543 43309 72202 104221 22647 53332 16357 71976 12137 45996 30472 59162 103678 16609 6780 1989 
95	9	50236 45996 67250 26296 102000 64791 22209 115887 79634 114753 84234 36232 102433 11894 65552 71976 37851 115865 66668 30700 17142 110639 nlsj3180 
-355	7	102992 22633 102647 102117 nlsj61372 107208 30796 71976 33809 88265 21912 103922 35672 46646 103012 45996 40153 59339 110598 12485 
-35	3	95110 35983 76157 104739 83030 26116 101445 106502 114753 3182 102000 60660 103871 41483 27724 nlsj114757 112016 104355 18412 nlsj34207 96981 25718 95815 54833 71976 110114 nlsj114757 nlsj107632 28566 78578 33161 88023 nlsj114757 71373 112720 33902 21081 93549 61046 90504 79223 47897 45996 36950 114558 83840 1564 64866 32686 nlsj32161 48579 73517 91897 63668 77613 22425 104643 112032 106601 85724 78958 115818 36576 55139 65565 72099 107959 96981 892 89872 60660 7539 77949 
-408	2	45996 71976 
270	7	65552 62344 115213 67762 65552 67762 71976 106601 71976 101456 65552 67762 67762 65552 72627 71976 26108 11144 71976 108341 65565 110262 
0	6	17453 36244 76512 3507 72627 33219 83825 14023 19563 35219 nlsj97867 6325 19123 92783 100157 66199 3511 5455 77574 nlsj4709 110734 57340 12227 93789 47685 66594 60209 nlsj39496 98979 47931 37851 84534 45794 48063 30885 67855 70932 80328 8860 112720 110639 35420 22483 72610 15345 100583 15281 63772 8909 34678 115887 3261 68641 45610 84295 57460 49817 74126 70918 86112 52774 44444 36332 97507 4845 67920 85095 110734 79634 62204 76530 115887 80415 79230 67214 3398 1564 51849 62383 41765 65565 99507 57095 73881 71976 11075 110012 81634 31599 99733 77640 25401 39866 
270	7	21802 84548 90166 103745 115980 71976 
95	3	83665 97547 73742 nlsj9411 107208 103248 83030 95922 67352 50838 12450 33671 98414 65565 71976 102000 
-445	2	46123 71976 27980 43697 
270	7	110272 71976 62204 115887 45996 75078 103745 106601 11144 113505 81217 93812 nlsj177 28566 46646 75078 
230	6	103942 28592 4181 104095 76703 104724 3187 19282 3187 10923 103388 34971 101934 64703 71976 31328 45996 48702 
270	7	115887 71023 46425 30866 63772 80978 11728 28569 84234 107442 89361 75005 24289 37777 62204 57466 96270 4083 30885 110272 71976 109194 45674 51241 96270 11136 110606 20621 nlsj11198 49824 22209 17012 74735 34855 1564 nlsj41805 67762 65552 47617 64866 33809 107520 30885 66294 110606 28566 51368 16986 51366 71023 61791 33811 22209 
95	9	85308 114553 71976 83665 16995 
400	0	15721 41418 73964 53442 20469 14900 65934 17924 1872 71976 20460 110598 101741 74691 83378 10016 33722 96679 74691 98893 94853 42640 112307 77169 103190 
230	3	93585 35165 22209 84034 22100 13068 67762 71976 78005 100495 57466 59573 22100 78757 
-420	6	32303 nlsj78244 100038 102183 71976 nlsj60721 103922 36588 72759 18331 102000 
95	3	nlsj56179 102045 70188 83987 46861 45996 71976 34583 41044 nlsj3705 22825 
95	3	105829 nlsj56179 71709 80040 88467 89820 73064 77699 70188 111575 19381 71976 45996 15893 28569 65552 84234 93395 103975 4845 16862 1083 16341 100495 72287 71709 104429 nlsj87713 16134 115235 26197 83774 1083 97166 43291 103259 nlsj11198 56991 41481 8665 62204 32221 60257 79223 41008 42842 76557 8909 12973 
95	3	nlsj2152 114706 nlsj177 85654 73672 5286 8454 95770 22975 45285 95273 51564 114149 41307 92094 nlsj9631 65679 48551 50689 93417 99858 107315 71976 85417 82670 65468 37410 92077 43206 43206 nlsj107632 24289 46782 66594 112720 114548 66173 64151 36345 1564 90334 101851 83490 53956 55499 
400	0	71810 65606 108497 71976 9014 37805 42214 7649 74378 102490 
100	6	104274 96999 nlsj12086 94365 3422 58319 25731 105550 11881 nlsj108051 71976 8108 58320 57380 
50	6	68383 nlsj77585 1872 61885 110598 14448 18568 84422 34366 102000 34540 101713 92662 104838 1872 19775 32804 19082 29677 93388 74735 102736 71976 40279 
-420	6	25194 102000 85665 34372 76028 nlsj95320 22660 19381 102000 71976 30811 98234 nlsj87668 18515 64152 112368 955 
95	3	nlsj7401 111545 77699 65751 14107 nlsj58406 16169 75522 53651 nlsj84339 69961 22958 39125 102000 59516 74571 41899 50681 45163 22209 nlsj58406 71976 93388 81936 19477 35219 
95	9	18314 114548 63845 66295 102000 2660 7198 12965 21651 71976 
365	8	11072 37720 1093 22209 11075 71976 99858 97133 54426 34507 19307 103701 101946 
400	0	70105 45996 84226 12242 18714 nlsj8752 23455 27846 115972 58911 nlsj112815 71282 nlsj32167 71976 11701 
400	0	110639 48291 5103 69052 60245 23232 108497 71976 11701 
270	7	62204 32957 71976 101711 83081 62204 104421 67762 71976 32964 66574 102000 65565 83718 26447 106502 1872 22209 
228	9	nlsj1918 32092 110639 61040 19549 43260 80819 13047 22209 105738 55088 22209 33050 71976 43056 52035 80155 13472 14779 102000 90305 83774 105548 
95	9	23069 42132 23069 83987 112542 69961 nlsj30855 71976 19381 104421 61885 113163 53618 18128 65552 33486 63628 23069 65747 100410 nlsj65911 59660 72522 26943 39866 
-35	3	14181 74735 115193 76157 nlsj106503 65565 68641 20674 102589 nlsj114757 nlsj106503 71976 6905 33671 4335 100693 95836 34390 94677 34439 112720 57466 18062 67136 86853 56991 34855 84234 33671 73517 91897 76118 16598 78607 61836 86767 14154 74726 101611 22100 93370 113648 nlsj114757 
-375	7	22209 22209 1522 13096 71976 22209 33426 
270	7	83774 57466 23878 41481 72627 71976 57466 25916 45996 35868 114753 104417 22209 114753 114753 77596 108536 103745 57466 98234 76910 57466 114753 62204 37720 25916 57466 2061 2061 2061 114753 
95	3	30317 46646 26210 84506 73402 nlsj7139 80107 41485 31865 16986 114753 4225 85306 17412 93418 48383 nlsj9849 31562 31947 71976 33822 86112 70962 15893 34138 67009 
-350	7	72627 48291 92204 22209 90504 nlsj114757 22209 102000 71976 98584 38547 nlsj34252 19788 110598 
-200	6	27438 42830 65565 71976 42611 79526 
-420	6	74621 64914 15080 71976 85306 21651 71324 83785 
-8	3	101117 55083 11807 51148 326 84534 20588 26886 62204 109757 97524 86917 71976 nlsj56179 83774 28569 33426 51366 45996 nlsj32859 70600 79484 22535 31035 101117 79119 84434 46606 
230	3	11433 31161 11760 71976 106974 74439 70910 80964 29883 65565 
230	3	82933 24340 11760 71976 
95	9	93478 26412 102000 12227 71976 106601 98414 102000 52774 73687 48291 80011 24394 
229	3	105550 76570 3295 43537 71976 61791 92010 64866 54631 42214 83319 6330 79526 
93	3	19282 69714 48106 19546 67349 22100 19005 106601 63212 51358 114753 9757 28566 22100 98975 66173 30671 42290 41765 55149 56153 51366 110598 13315 65565 39661 52774 85417 19381 66173 47617 75552 110012 71976 59339 113388 65405 40331 
-355	7	76910 32657 17723 91547 16986 56586 37075 116070 nlsj87251 1872 44243 106263 71976 91547 30700 101163 nlsj30855 
95	9	110284 101576 33426 101576 81130 71976 
270	7	90504 nlsj14015 2668 71023 48585 35649 46425 71023 71976 28569 4083 76029 31943 28569 19123 5152 114624 46554 70909 46554 70909 76039 45610 45996 63772 38409 30030 30031 90410 90410 
230	3	46892 93634 62320 82451 71976 97906 115887 73672 
95	3	104421 26226 45996 9236 62383 86276 72254 12485 72627 62204 19546 71976 92384 23730 23069 12210 49908 80306 763 112162 
-355	7	69863 101445 nlsj114757 51989 104881 72627 28502 45996 21920 51358 97808 60308 98684 71976 11325 16986 68996 70600 22209 104690 21429 
78	3	83963 50616 62204 55666 26411 20586 22209 87541 24567 31849 86112 85306 71976 82367 65552 90182 27847 84434 56089 
230	3	15763 59781 62126 15763 102000 63845 1239 85807 71976 31417 99564 24340 84234 104508 nlsj5446 nlsj3946 22523 110639 nlsj5274 77627 51259 102993 97555 
95	9	86921 95661 22210 324 12449 47917 46802 20862 91439 101760 71023 73064 81343 71976 114672 101042 12227 44000 83665 112217 2767 
229	3	44248 75898 85306 84410 57456 84534 2654 92010 43698 nlsj106503 15893 18331 92010 44248 104421 46606 71976 30778 49907 
270	7	65552 71976 67762 73064 67762 71976 65552 45996 28569 65565 84234 6542 15345 
95	9	2309 71976 91712 93634 112884 46892 13039 94858 1564 3861 47296 2668 67762 115374 81297 73277 7198 73277 104685 110284 77595 115201 44766 89366 
400	0	83231 6184 103208 92087 66039 71976 74691 
228	9	91605 72852 98417 65565 69714 71976 
313	3	3976 83774 95412 21147 47880 75539 13471 71976 102000 85455 71065 107349 83774 83174 66574 104429 55104 18449 112331 83840 79526 nlsj96033 
95	9	31565 73672 6871 72254 112720 71976 17723 84295 105550 85306 65624 84365 66342 90334 6449 
-375	7	51148 65757 85306 67762 71976 28003 
170	6	59708 95853 102669 37538 105550 84234 38547 72610 24261 40925 105344 71976 83774 11036 42159 104690 
-375	7	106206 50236 46646 71976 34417 83774 6330 84494 72627 48730 67858 85306 101851 115055 85306 68890 84248 108051 92252 108626 114419 nlsj52052 94741 77627 24394 23011 59339 
-35	3	108527 104355 101456 71976 1564 64866 13777 92305 6174 47462 
100	6	61128 112965 16045 4493 32263 79212 82190 1564 36216 83825 61128 71976 65552 1640 4493 51747 25731 82190 18912 
270	7	75552 30866 75078 75753 35868 71976 11145 67509 51241 30866 110598 24226 31952 77613 43337 85306 22209 103745 1086 21872 45996 nlsj107632 112720 71976 
-355	7	112720 104355 28592 25106 27650 34855 54217 110598 75552 71976 102000 45996 10923 1665 42827 75005 75753 70958 
175	9	90398 107962 65552 71976 2660 38547 77698 36901 
-200	6	71976 84234 23730 84552 115975 23730 72627 nlsj9510 43089 nlsj5408 62204 33923 9949 23730 8040 112720 62204 nlsj107632 
95	3	86112 52332 45996 26226 96270 nlsj108959 48383 nlsj3515 8171 19496 112351 71976 83987 28569 90504 36345 66173 66494 103922 49203 54217 nlsj11198 2660 66984 43206 66494 61791 45948 19916 31875 20068 45996 31562 103922 63772 nlsj5467 94095 66494 45996 81852 103975 111486 30097 
-374	4	107748 71976 68335 28188 53485 73502 nlsj107632 46645 109486 
-350	7	22100 75954 16527 71976 98584 115887 22209 31562 3464 35672 85734 65757 47007 98584 22209 98584 260 22209 
270	7	115887 110639 77596 102000 73277 79223 74185 nlsj107632 116054 116054 102000 45996 2671 2671 112769 73277 77596 66342 71976 66306 77596 nlsj65911 46195 71976 31945 102000 
100	6	71976 nlsj106656 83732 11607 85306 nlsj86473 22209 
228	9	49729 21920 15281 8756 50337 17540 nlsj99416 71976 45996 458 
200	9	102000 105399 25908 83557 19005 67352 71976 
270	7	71976 nlsj89132 23658 115887 
229	3	93859 71976 6339 22209 nlsj28819 26447 58902 25194 106502 58882 112649 100693 75552 106263 82887 82805 
-450	2	71976 4548 74126 nlsj32160 104690 67612 103942 28360 
270	7	92010 nlsj89132 102000 102000 nlsj89132 67539 75555 10923 nlsj68228 62204 102000 66306 71976 18107 75555 56889 102000 66342 73277 84365 66294 72627 22393 65983 33426 22393 29883 102000 22393 
95	3	51256 nlsj4654 19550 90504 101851 71976 36575 49149 
95	3	20588 25610 nlsj7409 46646 66561 71976 65552 22209 112351 47917 59735 110243 nlsj71743 24352 8775 12681 13831 41372 65552 61542 37200 6325 
228	9	103975 26447 nlsj32160 43206 61791 110598 114548 28002 71976 74735 nlsj59172 59339 19972 21964 60308 110407 71023 45996 
95	3	35360 55149 74126 104478 61299 95565 80306 16110 58433 71976 25711 95882 111857 69908 
95	3	27847 86297 13831 nlsj7409 51862 26447 80043 84434 64316 nlsj32160 80557 20588 41335 nlsj7409 88855 85306 90504 11415 111575 8665 72254 100524 22209 97148 84422 1083 36345 71976 51727 19496 
136	6	110166 97021 103922 63969 100937 71976 19381 56062 83774 
95	3	15893 71976 18107 nlsj54945 nlsj12473 51849 nlsj76838 85306 114553 16052 55241 61056 84234 85306 110606 26943 39550 24436 95593 26921 26447 
-335	6	112943 22209 70891 101495 20976 83148 55532 102736 61791 65565 13610 49069 71976 65552 112070 22209 19879 
200	6	62383 22393 31161 85760 61317 83622 71559 114548 18195 84250 62383 71976 20621 82367 63772 48580 61317 
270	7	65552 62950 71976 67762 50605 18107 
400	0	84434 49046 18062 53015 47493 106083 13626 76912 71976 11701 16504 6783 80011 103088 109969 
-355	7	20020 85306 67762 21765 22209 47845 45936 71976 65552 36245 112989 101711 83139 21761 11894 
270	7	103745 114413 51881 82881 46425 82881 71023 15893 260 2764 92406 115887 33257 31562 33424 71976 110659 21902 
270	7	11760 85306 71976 63772 85306 101851 71023 72627 81214 45996 81214 nlsj553 101857 nlsj553 28569 70918 24841 44000 nlsj553 1564 72627 34300 112720 76910 67762 33426 28569 74631 51241 30866 17142 
95	3	nlsj56179 83987 71976 46646 105738 20621 101946 19452 83468 97101 67762 87417 20067 52332 62204 77699 86187 15893 24917 110407 19554 52332 3398 43309 84234 
270	7	114615 63713 28588 nlsj92454 71976 11098 16051 85306 102992 65565 85306 65565 65565 67132 98250 
95	3	90108 24206 85306 6339 80964 110745 105829 68096 19871 113388 103975 71976 19341 105753 3824 39131 56586 1816 81828 26061 8665 nlsj32859 71492 nlsj39949 23069 76703 97507 79223 nlsj32160 6325 24436 104421 84494 5276 88275 99941 96666 37777 27847 102930 12035 43595 
95	3	68174 nlsj4677 51256 47030 18334 22535 18331 97906 63772 37405 27842 79615 15509 nlsj4677 92373 36180 75552 45996 112720 16273 63718 107315 23730 1093 26943 100133 71976 nlsj49596 3464 103701 95654 
400	0	104055 20104 2181 nlsj3358 433 24129 60646 74688 19082 18485 70390 71976 8980 93957 79213 
95	3	nlsj6910 84421 8047 11075 88971 71976 80610 
95	3	73505 71976 24436 17011 111334 109783 112980 86112 113388 35105 83622 41360 42830 22825 17351 42366 100798 112720 110114 83081 29143 114553 10500 nlsj10345 324 9014 24826 87535 
362	8	51373 37776 29447 458 110598 106094 29787 458 67762 346 nlsj2559 64866 71976 101959 nlsj561 83774 86184 2767 19972 
270	7	102000 66342 31565 73591 102000 31565 9222 29878 68641 40807 73651 62204 66342 71976 66342 30866 72627 62736 68754 21429 62736 66342 21429 62736 68754 62736 68754 62736 73277 nlsj89132 62736 
-270	0	45996 71976 
238	3	19544 71976 nlsj11198 110639 72323 28129 112551 72627 61855 72287 73064 72268 25120 19546 nlsj32160 104698 72610 103248 59339 316 64866 18968 111724 85306 83718 43060 79484 
95	9	nlsj68228 73492 42830 91547 8817 13409 80140 111844 8831 nlsj40126 8848 37776 91547 102000 91816 79983 91547 96560 92406 45996 89743 71976 88897 
-35	3	nlsj107632 54847 71976 90371 65552 81963 66574 76910 nlsj8827 63772 110858 65552 37817 88467 nlsj54025 87541 55139 19546 99053 
270	7	24724 72627 2668 22209 102000 71976 79983 22535 65565 nlsj32160 103922 2665 72627 77596 
230	3	71976 9082 
230	6	72106 36744 19683 nlsj18346 93388 71976 4548 32826 
-355	7	71976 83774 50236 4548 75005 22209 62205 22100 83856 84494 
-375	7	71976 29883 
270	7	115887 30866 45996 30866 73881 45996 30866 73881 2670 30866 72627 7561 88971 74735 8575 83774 24289 14048 71976 74735 28566 22209 
250	6	nlsj96033 79804 84248 94769 31246 75552 71976 93713 115873 45996 22818 73672 62204 84248 45996 22739 93789 
400	0	102965 64003 76652 83182 22633 29369 nlsj4032 27393 71976 1640 
229	3	24421 3436 104421 15893 71976 90798 102103 28566 
95	3	nlsj7409 86184 nlsj14967 88971 38423 84234 43309 79983 71976 42366 100798 83622 31161 17351 108780 nlsj2152 34855 45794 114548 90202 72254 47931 56089 28002 8741 44552 103975 43909 74631 4962 35708 84534 113388 45996 116293 
-350	6	28569 105548 59794 71976 71976 105548 59794 28569 106263 71620 
228	9	25194 102669 85306 65552 71976 31537 67762 114753 61495 22209 107349 
270	7	86371 17478 112769 73064 71976 
95	3	62204 37726 71976 101857 91348 25401 81130 
100	6	54217 4186 106263 106500 52571 76530 98579 71065 71976 72220 114731 106502 101018 37405 52571 
-10	6	71976 71492 41340 8611 
270	7	nlsj96033 96447 65565 101851 71976 112720 71023 46612 22209 nlsj96033 71023 112794 74735 2668 28002 41798 2668 35417 
-355	7	98368 22100 106502 102000 106502 22100 24925 19870 98696 55905 106502 38487 37726 31447 45996 66295 82047 73277 71976 17055 29883 91547 106502 24925 31333 75555 106502 22100 91547 11894 103785 58429 102000 92316 68641 2777 98234 
230	6	2777 19477 93388 71976 82453 
-350	7	61791 nlsj107632 29883 104421 82453 71976 112720 1564 114753 75552 82453 
-35	3	2764 2224 nlsj68688 112794 85944 50824 nlsj3993 63063 42381 33671 83774 77627 76157 48760 nlsj36741 36658 65565 4335 73672 50508 33671 107315 71976 83774 4335 
400	0	24261 50824 103922 nlsj4271 99799 17518 71454 27921 55163 18062 112936 47308 60567 20945 112169 50722 71976 45996 22633 72205 
270	7	71976 nlsj32160 24289 30866 73881 22209 71976 84365 24289 
230	6	32651 39489 31562 11305 41082 46802 71976 113774 42267 22100 
270	7	nlsj68228 106502 92010 71976 32964 nlsj29538 90166 61791 65565 31351 
100	6	71976 48574 3128 28000 
95	9	90166 84534 42827 102000 48434 41498 115851 28569 72550 57460 71976 22209 102000 66945 84234 48479 17142 100410 79526 83774 48482 91898 102000 32657 55688 
-35	3	43977 50824 20621 96745 34524 25597 102000 94677 98587 71976 65975 
95	3	52048 110012 71976 nlsj49596 82887 69863 45199 102736 83834 nlsj15362 36950 102431 nlsj4330 98037 69901 80557 nlsj2499 11004 26116 114753 42827 28569 
93	3	37776 nlsj54025 112720 76258 72202 78056 111577 73496 61925 nlsj32859 nlsj29289 71976 
100	6	111737 8164 47442 13315 22209 71976 nlsj99416 50158 49933 
-375	7	90504 40882 110639 72610 67304 65552 33426 22209 71976 15047 51148 29883 
-442	2	31474 107646 31161 48291 41858 71976 2660 83718 113560 20981 64703 83987 19005 
95	3	103975 90504 20600 22825 5447 8865 65565 43206 90166 107349 25278 37155 86187 38423 8665 64154 22209 71976 17153 nlsj53326 47617 72610 99053 58548 52048 67974 83665 90661 45996 65552 30299 41619 27882 
200	9	nlsj2729 98203 22209 86585 51711 67555 54525 100310 71976 66342 51701 2392 98234 15571 22658 
365	8	3705 62274 12363 104421 34451 2068 71976 95720 63845 72286 84494 22209 42366 23726 33544 nlsj56179 47960 85306 113328 44063 110598 76742 45630 91272 
95	9	45996 71976 21501 78297 108081 43206 18515 57466 32031 68948 nlsj71743 99631 58590 102000 112794 57457 8077 22209 71976 48106 22209 43309 92316 103862 22635 101686 83866 19870 98968 13777 
95	3	36345 8909 19546 54847 83987 85417 19711 107776 71976 38423 104639 90305 36345 nlsj6372 18980 19546 52571 31562 74735 85832 114096 57938 112094 55149 397 76258 49547 22745 114626 112989 68335 50451 105829 24098 11411 25120 101946 114619 50337 110858 57095 53899 68641 47513 110639 22209 
270	7	46892 110284 102668 2668 33161 71976 39661 96560 
400	0	2654 113963 64054 19196 7094 51241 65615 30472 62939 115117 71976 74691 403 72496 72153 74126 112559 85837 56567 83113 21765 62939 51241 29828 24289 31352 19196 93786 83113 90504 
95	9	45996 62383 11610 46712 85306 71976 55149 41498 86112 
-35	3	25678 56227 107349 20885 29883 114753 97186 38547 75910 61791 93601 73277 71976 
95	9	51867 71976 65565 84513 64866 15274 77895 111039 nlsj9623 24368 nlsj10217 nlsj1614 nlsj2857 19546 nlsj8920 nlsj8790 63830 
-335	6	35570 38547 74625 nlsj22416 103153 2392 2324 80142 nlsj63400 72216 65018 6571 76910 32701 57833 76678 113163 17453 85756 43723 113560 103922 106502 19317 103153 24007 14900 73435 31351 42224 1872 71976 43061 83253 104701 91439 31458 13823 91411 92697 38547 84034 33809 31351 2677 106502 
-35	3	62204 57157 74127 71976 73277 116302 89386 46858 90433 45996 73672 62816 63845 102000 110598 77440 78607 65565 nlsj82252 28086 
270	7	46249 76910 92010 7007 28569 nlsj89132 11760 24847 103745 25401 1564 45996 28569 21264 11760 106601 65565 71976 67762 42827 
-35	3	16051 52332 21651 49629 40302 71976 73064 114753 
-355	7	1872 103785 69863 11325 93388 8235 98644 106267 nlsj88959 100693 76530 11136 67778 99360 71976 79526 74732 115055 45996 18537 21872 nlsj11198 nlsj33192 103780 11325 93388 84034 98723 nlsj33192 111722 110639 
148	4	113556 100495 71976 45996 85953 48498 35710 39238 101841 47405 110027 
108	7	45984 16400 95167 33647 114816 47964 57606 85420 106601 346 43592 nlsj71529 112720 33074 69428 83987 71976 106094 47964 52093 35360 54826 81635 106601 55544 nlsj107632 57310 
400	0	85306 42918 83231 42336 92275 57599 90761 71976 nlsj11308 67427 813 45996 24109 
150	4	101538 114753 115193 52444 85306 46646 102000 110689 114624 3615 99045 104421 71976 32826 nlsj32160 46858 84494 8505 15618 64137 75552 67974 112987 38488 11699 2030 51800 84434 84494 81318 98181 114624 50824 104949 55139 73277 86112 85643 72287 6871 
95	3	89418 74126 101851 36653 45996 68641 112351 8665 57460 22502 37890 19972 73505 71976 34451 19496 104478 108626 4845 98387 18984 112833 54179 88461 
270	7	104355 nlsj32160 49931 110598 28566 49933 18912 71976 83253 67509 
95	9	71023 45996 85306 19550 16052 67853 17050 7941 70958 65552 1499 110114 58692 24522 101711 26039 113469 83495 19496 112833 20084 104643 29167 nlsj107632 5289 24856 71976 46606 93713 67853 27847 75699 58688 26197 7944 37726 47587 48273 68791 45996 
100	6	111764 109757 71976 2660 80415 
-375	7	73672 9233 71976 6339 110114 
95	3	nlsj11198 52048 30743 90833 60209 24084 20621 64866 58718 nlsj100391 37720 84422 40925 81926 43927 94642 98723 69863 71976 83835 73083 14816 20795 
270	7	62204 50824 65552 71976 104417 22209 66294 65552 110639 50824 65552 71976 65552 66294 31945 
170	6	nlsj2907 98481 112720 24847 54024 7366 96929 62966 71976 76029 
170	6	47931 26680 71976 25912 
195	1	38968 81828 50236 113500 115887 60308 26207 18390 nlsj75598 41464 102096 nlsj93236 22502 83963 nlsj59172 5227 37886 37890 51674 73277 86112 83987 47917 78757 107952 63772 91547 91547 67219 106079 106079 38238 71976 83987 nlsj92503 19477 112720 112165 19477 64866 114615 18107 81575 101608 71042 47871 
229	3	90504 68641 57881 24727 49910 73064 71976 84494 31351 
270	7	nlsj80462 71976 71976 65565 
95	9	100693 115887 102000 67762 46608 70909 85306 93388 71976 60245 37776 45996 70922 2672 
230	6	33671 93388 71976 nlsj11198 77699 65552 
100	6	71976 65934 72777 nlsj112815 86845 
100	6	65174 71976 2660 74621 70364 3241 45372 46858 93388 103780 93388 115102 nlsj32161 74602 36216 33751 
100	6	22425 65803 71976 109583 93789 6339 94109 114548 
228	9	45313 22316 115102 85306 114753 108780 71976 28566 
-335	7	30866 65552 67762 84234 72627 64703 20885 67352 83605 96503 40462 19082 102386 71976 
95	9	59339 76910 91547 95853 62204 32806 95853 66574 59339 20885 102000 71976 112720 45996 85306 56586 nlsj93423 115193 12176 40302 17478 21902 17381 109609 65565 nlsj104568 29677 99045 21872 106601 
400	0	67069 71976 15378 86833 37987 27846 28232 73517 104055 1764 91605 
-355	7	104421 114624 116470 60368 6616 75552 71976 nlsj14967 115887 26886 39238 6616 60340 60340 5112 5112 60308 26943 115887 83987 90524 76029 60308 90504 
95	9	31706 nlsj107880 45996 8879 71976 45163 57460 73672 32630 33487 47928 nlsj33153 44000 10923 17164 82284 4845 60646 
350	6	96560 105829 112720 105749 13831 2668 nlsj11897 102000 71976 26296 
-8	3	27764 4083 89988 41345 nlsj14967 71976 65565 86112 87417 
95	3	65552 4076 65552 11058 24349 24436 111895 7605 71976 8665 46712 113388 84234 27847 13626 2654 2754 15893 16051 46646 90122 3507 
270	7	93812 93812 71976 11760 11760 93812 100495 45615 
230	6	98234 48722 21651 71976 
270	7	2672 76029 98931 84365 106601 73881 98586 106601 76029 115213 61791 nlsj87789 nlsj89132 nlsj87789 85306 33809 67509 11562 29883 22209 109194 66342 76029 22209 103745 76029 72254 45996 102381 60245 67676 84234 62204 76029 110639 31945 76029 98735 35983 71976 104417 104166 4385 98735 nlsj87789 31945 76029 73277 76029 
-401	2	112307 20885 71976 114753 25828 
400	0	1083 51241 19053 56567 62939 84068 70364 71976 74691 22292 10839 65615 86083 
-10	6	3466 26623 24344 8665 84234 86458 33494 71976 99045 86114 
-340	8	28582 11071 71976 115887 45996 103972 114651 16171 112720 106974 37650 29624 86458 84234 19871 72202 nlsj71743 98894 10090 104225 83665 37650 86219 20621 78757 
165	9	62204 nlsj106503 71976 22209 106079 44850 81130 8865 67260 37890 83310 106094 112559 51112 11746 112162 112350 88971 nlsj32859 73672 90305 24098 111575 111571 104421 46712 89820 75552 65552 22209 104478 34583 
-335	6	58429 2668 114548 49875 65565 101851 104639 62320 74378 5036 71976 58429 2668 76335 18256 
270	7	74735 nlsj32160 22100 66294 1564 101851 nlsj14870 71976 1872 67507 40006 106502 112720 75552 66574 4470 73277 112720 
365	8	50998 71976 51148 27847 51146 45996 83503 
270	7	3182 62204 90166 70910 102016 57466 36575 66294 71976 101560 11691 45996 81634 70910 37720 
400	0	46195 19418 nlsj44975 71023 47508 892 76859 71976 11701 111787 nlsj9892 66820 84566 16664 75954 72357 45996 6396 67543 19196 2309 69645 73449 21920 47508 104221 nlsj932 14944 18519 
100	6	93812 65552 nlsj11198 48867 31263 16287 nlsj11198 71976 61553 72220 86108 
165	9	77699 85306 72202 113388 73742 37885 67250 nlsj107632 107801 106079 66561 34451 79223 71976 86112 2767 63772 83330 37886 4071 86718 30500 2234 65552 62204 67250 nlsj32859 25401 23634 
-355	7	45996 75774 72383 114615 26196 70958 93388 71976 47887 106566 1211 nlsj71743 46613 84205 47887 72712 80964 nlsj39585 68262 79223 24292 43309 84234 67250 6905 18912 113956 21335 
365	8	90522 47030 55917 101713 55429 26757 20621 72627 4071 45996 101853 85306 102394 82367 107546 71976 24289 83010 13831 115471 83665 39718 110662 8909 80327 48291 46249 8909 14954 47998 83010 4071 90528 97555 
-415	2	65552 71976 28101 45996 112307 18626 76703 nlsj32167 112060 51989 26643 
-375	7	37776 71976 11760 83774 67762 27847 61791 73994 108078 110114 36588 27847 85306 67762 77073 56889 
95	3	83665 nlsj8790 97523 nlsj71743 82367 71976 112351 24350 34050 73277 67136 100094 11075 46782 nlsj2343 nlsj6315 104429 8909 71023 88464 31565 100416 65552 112714 82190 26183 47917 73277 90504 106094 6339 25025 15893 71023 45794 51701 3436 nlsj39496 12948 73650 
95	3	45368 112720 67762 100264 112351 110114 65565 71976 86112 107520 12281 
229	3	58930 27751 11013 59034 82800 71976 78757 39578 6224 12962 113560 nlsj177 98894 
-10	6	nlsj9623 23232 97547 41262 24368 84250 55149 114553 85306 36658 42611 71976 4845 59339 74126 1867 
-200	6	76678 96082 22813 71976 76549 
100	6	79983 111726 88299 76530 71976 18062 22209 
400	0	63212 31049 29883 20981 112169 48896 85165 3332 21839 113320 73277 85953 92697 70534 18597 96698 68246 51241 106502 64316 21651 71976 
270	7	37720 42827 22209 46425 59339 59339 46425 25106 71976 71976 42827 71976 42827 66746 15345 66342 73277 46804 59339 73277 66746 
230	6	37776 nlsj18258 nlsj114757 74735 3398 86827 76335 3261 93388 71976 
95	3	23726 111575 71976 81191 29611 100522 28002 93711 
-35	3	38547 81912 113668 71976 46892 79755 nlsj105619 114548 105548 19972 26046 
100	6	85665 104639 71976 85306 65552 
95	3	nlsj6592 15893 2654 nlsj107632 19972 26259 nlsj9090 85306 6483 100516 761 67762 13039 87146 95721 24444 1564 83774 92077 76258 115213 36345 nlsj11198 46712 73881 85306 2061 110114 93713 81130 76335 71976 85306 36232 100522 2008 72610 24292 11075 26057 
-420	6	98950 58429 28592 75595 57460 15842 112720 49933 6339 71976 51369 25905 
95	3	104429 nlsj7276 75552 89405 33819 28566 27847 112351 71976 65552 114553 28569 
270	7	62204 108536 108536 26226 45996 66306 71976 66295 66306 100495 62204 76029 19789 62204 108536 
-335	6	73672 46204 76530 46151 22209 84052 106263 48479 2660 83756 22209 71976 
95	3	84205 107959 64597 68641 nlsj11198 56242 112833 3398 74571 46804 110598 74185 74126 nlsj6610 65552 nlsj2087 102993 83231 85306 68185 nlsj2087 6439 84534 12025 85306 109486 82670 46216 10086 80042 5607 105753 71976 46646 82433 
-335	6	98584 75954 59339 101576 57460 31161 35142 28592 3182 6339 93812 104394 60653 101560 96560 66294 100930 101560 71976 60646 97186 52571 84566 70910 39363 44000 11096 52571 25263 59339 66494 45996 22100 28592 84566 80978 
-420	6	96503 8909 71976 
357	4	nlsj80462 80327 22209 66574 42887 48372 26114 100524 72279 24856 71976 83718 93713 67762 37776 110456 89405 1864 115887 26032 76056 65565 32686 79223 260 
100	6	34691 nlsj32160 35267 74602 91547 105548 22346 73064 71976 85306 
95	9	71976 106998 89366 97121 24358 nlsj5627 nlsj6577 62204 54733 nlsj32160 93711 76335 29463 85306 112989 11123 85306 44478 
95	3	44452 71976 112351 56586 26207 80357 73505 55905 110166 64597 37890 49046 44964 nlsj21204 55139 28569 50721 30653 50706 28566 8123 26447 16998 nlsj71743 83310 116253 25373 50824 111544 29787 112351 79746 102000 57466 65966 25597 32662 47897 64597 74735 73064 114753 2055 50702 33426 36602 104787 
270	7	65091 65552 115887 65552 71976 22209 110655 115887 33426 71976 
-375	7	94365 93388 93388 88821 75595 75595 63772 72254 88821 104429 73064 71976 109757 85306 22209 22209 67762 8909 65552 
95	9	49705 65757 102000 65671 59590 52456 43977 37776 82275 54179 100569 47007 63928 3939 94365 75552 102432 71976 4845 86187 6661 48479 72522 25882 112457 102000 
100	6	22425 21630 66342 71976 1640 
-35	3	20885 12035 3479 55997 100882 42381 8909 67762 51326 71976 65934 107349 
95	3	38547 nlsj8643 19346 25120 87087 19546 22825 41045 98358 104639 17353 90305 85306 37650 71976 9139 106175 108660 86187 1377 110858 37531 33457 74571 33791 46606 63772 46782 78064 
170	6	71976 67344 110598 26039 19381 81343 24488 90504 106676 106263 96404 33257 67555 98584 14214 60569 93850 25194 68938 51533 42256 23283 114083 109733 
-335	7	114548 62204 65552 67762 85306 73064 15047 64703 20885 67352 83605 96503 40462 19082 102386 71976 
