-367	2	70364 41045 80557 83754 36165 25120 
-367	2	114753 46858 52035 86112 98234 11711 86219 71308 3241 61791 72627 79223 80357 24342 
-367	2	72202 98323 41619 85306 26197 22739 84234 100906 83840 68641 86112 nlsj97331 79223 79223 112217 41044 24342 62204 64866 22825 83310 31357 84238 84234 3508 
-367	2	100906 715 62204 83310 79223 63772 26602 6174 38011 41001 22825 98234 27261 
-367	2	11709 22825 42381 20213 
-367	2	66173 60044 85306 33903 45996 110114 62204 24292 
-367	2	46613 11583 18331 29629 87413 86184 89346 71023 
-367	2	46646 83840 33183 41619 62204 58548 103975 98323 55544 
-367	2	12449 63772 85306 47629 45996 
-367	2	71308 80327 72627 104421 22502 86184 26197 64521 3511 44931 22209 77592 88467 98181 72627 16266 25401 
-367	2	37890 41001 
-367	2	62204 66173 65552 86112 46123 3128 64866 89366 
-367	2	70958 87541 78100 22209 97541 3511 
-367	2	105829 111545 24917 39131 61885 46646 83825 
-367	2	110243 39131 nlsj32160 77413 15274 31945 83665 28569 25883 25630 20621 25127 nlsj105352 66173 86184 41295 63772 24342 
-367	2	31236 84494 31356 nlsj89813 63772 84234 
-367	2	33819 102096 78757 98323 26886 25120 90933 21920 65552 45996 28569 
-367	2	2853 110114 67868 
-367	2	nlsj6956 15893 45996 92077 40154 104355 47030 34855 86219 5232 nlsj6091 84410 
-367	2	nlsj6956 86219 346 115193 45996 47030 84494 46645 79526 99053 86219 33791 260 92010 78578 52774 52035 71308 79223 
-367	2	47917 24367 97121 4548 34050 2660 86112 28592 41619 65552 33791 62204 98323 
-367	2	86219 58429 43977 37410 90661 85306 42214 29883 62204 76580 67762 55544 65552 45775 80357 110114 5402 22209 
-367	2	17154 98894 nlsj11198 64866 28566 30941 84509 65552 28002 61791 24342 6271 11058 105829 42830 66173-359-359	2	nlsj1685 71498 46645 18334 
-359	2	72610 73505 22209 11583 98894 
-359	2	34439 85306 nlsj71743 28566 83467 86276 40373 nlsj106503 38547 91391 12458 26886 55544 86458 114753 47629 1083 nlsj58406 12454 41619 37776 90504 4456 nlsj68228 26116 71308 72245 95898 108218 102993 
-359	2	111895 84494 
-359	2	114615 4076 62204 
-359	2	74735 98354 22209 102669 25194 
-359	2	98234 2764 57457 26199 28566 112989 2749 31565 84494 27847 5131 31565 84494 73124 
-359	2	58429 98894 72202 6174 14954 28566 
-359	2	2764 37210 84234 20621 98234 
-359	2	65757 68641 41001 72610 24292 5131 106696 77847 25120 80357 71308 28566 26613 
-359	2	108660 22825 41045 106696 71498 39131 84234 20621 
-359	2	46804 64915 715 59794 22825 90504 24706 28566 104421 3241 109733 113711 33160 85306 110456 61791 28002 71308 106974 
-359	2	38547 39131 89346 71023 96082 11583 86458 108411 112989 39331 31161 85306 nlsj61372 43206 44964 64866 63772 45996 
-359	2	90504 91991 111541 43206 64866 85306 25112 71308 45996 25401 86117 74735 85306 65552 86112 14181 20621 45996 22502 
-359	2	46613 98323 3241 45996 34270 76586 nlsj106503 84234 64866 28566 51881 19788 31161 90522 41605 68891 25493 47030 46858 346 77574 32342 25120 
-359	2	47917 110114 62204 90504 3398 
-359	2	51373 1666 36345 88146 86276 63772 29883 89698 
-359	2	17154 74735 114548 68641 12035 90504 42830 
-359	2	87148 90504 41498 31236 49217 
-359	2	30796 62204 111486 47030 26116 90504 nlsj32160 94711 63772 63772 66342 25626 
-359	2	44964 25047 46256 110639 49817 37155 61791 103012 75555 109358 
-359	2	112217 63772 96929 11583 106696 86112 
-359	2	72627 86219 71023 45990 90504 85306 88094 63713 20598 92010 114615 40083 114753 nlsj89813 19972 86458 84363 28002 75075 85982 103975 346 33304 22209 3800 84511 
-359	2	27271 104429 46646 86184 47007 nlsj99242 100971 108411 15893 22209 
-359	2	nlsj107632 46249 111483 116416 95121 56393 97048 115887 64866 41464 98894 
-359	2	84234 108411 89960 41619 86219 6330 25401 83467 85306 25206 86112 
-359	2	51373 30941 46123 86458 63724 25973 41619 11072 46646 98323 87413 
-359	2	72768 14181 105829 22210 
-359	2	2653 19972 27847 19789 49907 105956 103975 46712 46613 84505 68445 
-359	2	62204 41619 
-359	2	61885 85306 45996 34849 nlsj71743 
-359	2	72610 46802 105964 79746 
-359	2	95100 77591 112720 86112 85306 nlsj82474 
-359	2	37650 56840 nlsj59172 74735 13028 88917 102433 111908 98925 16052 98707 nlsj56179 48579 79983 75555 2731 78501 42214 41619 
-359	2	85647 86112 715 33902 75552 260 32309 23726 88971 86112 52332 26199 27148 57457 90410 116469 30030 
-359	2	45996 25401 46210 92093 2749 98323 43206 5131 98894 84234 77574 37720 103922 116469 11583 19788 78056 
-359	2	45996 22502 89346 71023-356-356	2	84234 2645 715 63772 44478 nlsj15362 72202 86184 44964 nlsj61372 65552 98894 112989 95721 37885 nlsj14967 106696 92077 72627 22209 
-356	2	24292 85760 62205 86219 104421 18460 61791 44390 67762 34822 22209 42830 
-356	2	92010 43537 107315 22209 47513 46195 72202 68641 73751 106974 nlsj14967 80504 29804 84494 60375 115193 55905 83774 57457 105504 106696 46606 nlsj29289 51241 
-356	2	13568 26602 20621 7911 73277 84494 102115 84505 86917 106696 100965 
-356	2	85912 63772 31802 114553 112356 80011 98925 27150 65295 84494 22209 46612 51849 73064 85306 57456 26197 2777 22209 84494 102096 52689 42214 39125 
-356	2	84494 2654 85306 12973 84422 65552 93711 57457 nlsj40132 80043 105829 104421 nlsj14967 26197 
-356	2	58853 12227 26680 62383 59295 36919 68641 115079 31161 43689 
-356	2	28566 36925 25120 22210 90504 nlsj97331 22209 44835 41418 66173 71124 31161 38547 8909 83756 113388 45996 37885 98323 nlsj54025 12449 56496 78056 36008 70958 11583 88146 113388 42830 12035 66173 62204 104225 46613 24292 39328 112356 6058 92077 86458 63772 42226 46712 3398 116470 84494 33819 
-356	2	105829 71308 45794 
-356	2	47917 86219 62204 28566 91991 38732 35642 58429 86112 33511 33791 29450 2731 23726 26061 78309 104355 21827 66561 84434 96270 101545 52332 7355 
-356	2	83665 66342 66746 nlsj1588 78332 72273 100597 11583 31875 68641 19346 33819 112833 47030 58444 nlsj107632 19346 114548 
-356	2	71023 45996 81808 2055 105829 97112 65552 59794 100957 97148 22209 83467 84509 
-356	2	19546 115193 67762 66342 64137 84494 33824 31351 7518 84234 12973 112457 76029 25718 76703 23069 106175 44856 54075 102000 45996 82146 90504 59295 nlsj11198 4509 85306 74735 22959 35708 92133 nlsj84825 35107 6328 
-356	2	85306 46646 114753 22209 84494 nlsj89813 11072 326 8665 90933 19477 110598 80011 
-356	2	68641 nlsj1957 72202 39482 11583 114753 26046 33819 33623 19346 84434 33160 
-356	2	31236 86112 25206 
-356	2	47917 25120 67868 75005 22210 
-356	2	30796 79828 1564 84234 63772 24289 26886 41360 12024 64866 89366 37885 nlsj43224 
-356	2	45996 11583 26197 22209 30406 26886 84513 27489 45996 39489 115213 31607 nlsj61372 27847 98976 4845 86219 28566 
-356	2	20621 19546 84410 nlsj56179 110606 84494 53838 61056 51849 86112 
-356	2	98234 86114 43089 52332 57457 33819 102433 35542 22209 101959 1083 28566 84410 19346 
-356	2	715 114753 92105 54469 nlsj32160 75005 20598 90504 33160 19546 84434 86371 25160 33819 80140 64915 nlsj56701 
-356	2	90504 42830 71308 84234 63772 
-356	2	76570 67132 28566 76586 108066 115391 5446 104225 67853 22322 102668 64915 110639 66199 33791 98925 116416 63772 19789 113711 86219 
-356	2	26886 11583 85306 7048 67798 53784 89982 111483 67762 111541 28566 65552 98323 110740 26046 
-356	2	20213 16169 92093 51373 42358 
-356	2	65552 112350 43260 22209 71944 77574 11711 72610 62204 89366 nlsj71743 nlsj61372 20598 84234 63772 105829 22209 24292 
-356	2	46613 33819 24293 11583 32322 63772 nlsj61373 28566 78100 33819 19346 97101 nlsj105352 66173 86184 41295 98894 28003 87859 
-356	2	92010 2731 84234 5131 36250 11583 11072 
-356	2	33426 
-356	2	14181 22210 77699 112989 112794 
-356	2	89366 89346 71023 62204 20598 85982 73127 33822 86112 22209 116416 73064 90504 26680 46612 nlsj6956 19546 88464 65552 33819 45996 28002 35732 86112 107744 65552 41623 
-356	2	110639 114615 18331 28592 89346 71023 33819 11305 84434 52332 71308 79223 19346 80131 106175 83756 60308 260 89366 
-356	2	28588 98894 84494 11583 42214 46646 26412-350-350	2	62204 nlsj32167 63013 17154 28035 81325 46249 44964 nlsj106503 65565 8665 91991 90504 25120 100524 22209 3398 85306 64866 63472 
-350	2	12252 33902 11583 55481 1851 24917 112989 110598 
-350	2	74735 64151 64866 89366 102992 108024 22825 41045 80557 
-350	2	26886 27847 69622 76241 45996 62204 
-350	2	46613 nlsj61372 20598 25160 84511 106696 80357 110606 73064 84234 98765 85306 67853 96270 84494 47030 
-350	2	nlsj71743 37885 55728 12485 76029 
-350	2	39125 84234 110243 60340 39482 4509 84494 nlsj32167 84234 31761 
-350	2	27847 88855 112467 70958 98894 53838 
-350	2	2731 84494 73742 68891 74138 105829 22209 87455 71308 51259 76570 110606 84494 33819 26197 52572 41338 89366 84234 84511 43689 67132 112720 81808 43206 67179 
-350	2	47917 75552 84494 65552 29787 11072 22985 1093 56089 64866 112356 111415 114651 44964 100872 112794 92927 102676 28569 99403 102000 41018 78400 11583 114753 116470 114548 
-350	2	35642 114615 71023 45996 83665 84234 nlsj61372 26886 84494 40983 24261 103975 28002 nlsj61372 98241 28566 
-350	2	11583 116416 23634 114548 98765 73672 70958 
-350	2	51373 31161 89366 44964 20621 86112 68641 37885 39125 26886 105829 84234 63772 
-350	2	45996 
-350	2	84509 92371 18390 
-350	2	112833 45996 50236 104224 
-350	2	77574 18788 112794 1439 62204 86458 260 98358 110114 98329 99055 22209 83756 63772 84234 33603 17830 33819 98584 19841 55433 
-350	2	26886 83665 45996 113388 
-350	2	nlsj71743 39482 26046 55241 
-350	2	72610 nlsj6462 nlsj10686 105829 46123 nlsj4782 46804 nlsj1588 85306 84234 96106 44964 20621 105829 nlsj32160 
-350	2	72202 nlsj32160 83756 62204 
-350	2	70364 40041 72202 43833 
-350	2	27847 nlsj61373 20598 94711 nlsj32160 84363 8909 
-350	2	44964 72254 114553 65552 260 2777 22209 nlsj32160 72627 86305 84505 64151 70364 26114 79526 46712 114651 86276 nlsj106503 
-350	2	47917 87541 64703 22825 41045 
-350	2	20621 6174 76703 nlsj43224 84234 110243 24367 97112 68641 67853 nlsj107632 46963 24666 33819 
-350	2	31236 63845 
-350	2	28002 86219 nlsj1949 24342 1211 66342 105829 39482-345-345	2	93812 67762 33160 nlsj14967 28588 65552 45996 22502 
-345	2	34148 71308 62204 13568 30490 112356 86453 
-345	2	46613 24607 80011 98241 65552 83319 27847 43309 112350 26197 
-345	2	30814 83665 8909 37885 103972 80011 43689 22209 29171 112989 110114 73672 22633 
-345	2	64866 nlsj43224 63772 98234 260 37777 89365 22209 
-345	2	35642 114615 46249 111483 nlsj107632 104053 98329 114548 84494 nlsj27484 38227 84511 42168 102115 90551 84234 46712 46123 47895 79484 114753 
-345	2	42214 75005 112362 105956 
-345	2	35708 55544 95100 83665 16140 19972 24666 84511 19788 83963 112362 64137 52332 72202 89366 43309 112350 103975 45996 52332 nlsj59172 78757 40153 84511 43598 84234 83139 112989 24917 11583 5131 102096 86187 70962 40983 86112 104225 38965 104421 3464 102000 84234 nlsj57678 11583 6616 20621 
-345	2	25401 45996 37720 57457 43689 
-345	2	260 65552 112989 44964 
-345	2	35642 66838 22825 45370 11583 98234 
-345	2	44831 6330 60308 19870 105963 85306 12025 80011 54399 114548 nlsj61372 110858 22209 
-345	2	114615 85306 84234 40153 
-345	2	22210 
-345	2	45996 
-345	2	42155 114624 65552 28577 57457 60368 43206 98329 78193 
-345	2	50236 45996 nlsj14967 28002 52571 85306 44552 39482 63772 nlsj93255 71023 nlsj61372 84494 27148 5278 80351 26197 
-345	2	3398 nlsj6321 nlsj7772 45996 28577 86184 nlsj61372 260 112362 104421 12035 84511 12973 112457 24363 76029 84234 52332 85306 16862 79526 98765 53838 110606 12485 55728 60368 32657 86352 103975 22209 51877 11583 84511 41619 70603 104225 46613 64224 nlsj39949 nlsj14967 35109 84511 64866 46123 83756 114753 84494 65552 52332 2777 22209 
-345	2	83756 25120 51373 113379 77574 24292 102676 22825 41045 
-345	2	71308 17381 98323 61265 nlsj58406 79223 49875 24342 
-345	2	17775 22739 110598 72254 45996 
-345	2	26114 22209 103701 84534 114553 102991 12458 98329 22209 
-345	2	20621 nlsj61372 114553 98892 6174 22209 110243 66342 22209 24292 
-345	2	47917 41001 87541 nlsj6318 91991 24293 
-345	2	101822 11583 54836 73672 110639 19788 83840 nlsj6318 114753 73742 75552 36345 33607 86187 110858 67132 26114 
-345	2	28569 61791 104421 27847 66870 47917 90504 22210 
-345	2	2764 11309 
-345	2	12449 85306 84234 72254 26061 
-345	2	24344 102676 22502 45996 
-345	2	17775 40157 80557 41045 7056 111023 71498 90504 106974 
-345	2	92930 nlsj32160 41001-342-342	2	90504 105829 78056 85306 44552 27847 86278 nlsj71743 86219 51373 71308 41619 14181 98234 
-342	2	86458 112367 86112 84494 33819 2749 47617 6328 110114 98323 64866 55794 63772 72202 28002 102096 73124 11583 27847 3398 42830 20068 
-342	2	53784 88299 57456 19554 64866 66199 7911 37886 73277 86112 
-342	2	73672 2731 81432 84422 26197 22209 98707 6339 33956 1093 56089 65552 25630 102992 19972 11583 106974 43591 99218 
-342	2	114615 nlsj61372 11583 108660 84434 102993 80043 22633 76703 37886 11058 20046 86184 90504 56089 nlsj64638 2731 70958 110606 2764 85306 1454 22209 
-342	2	46613 98894 67853 84494 nlsj107632 27148 84434 
-342	2	11583 97148 32591 30814 58429 20598 35732 16862 51849 
-342	2	98234 31236 nlsj27484 98707 6616 28569 85306 109486 28566 98925 76910 6871 
-342	2	nlsj32160 95100 65552 260 102096 108660 70840 98234 nlsj107632 27148 nlsj27484 98707 38227 28566 
-342	2	nlsj11198 nlsj6956 19550 102096 85306 40153 84234 35273 84511 112551 51849 2731 102992 nlsj85451 16400 12253 
-342	2	61885 53934 33819 20621 61071 nlsj29289 6058 98707 
-342	2	nlsj106503 47613 98925 81903 46861 72202 22209 81963 115887 nlsj29289 55905 76703 77928 nlsj1588 27148 47617 111889 33819 90504 
-342	2	61071 70839 11583 19546 28569 59708 86112 88296 68641 13841 nlsj106503 28577 99116 43056 98925 51849 
-342	2	45996 77111 31161 65552 97148 46612 22209 87034 85306 69252 99432 
-342	2	35642 114615 103972 7911 9143 4594 111544 2853 22209 85306 57457 49875 106974 68445 43206 1456 97133 89122 5276 19972 29561 11305 20621 68013 65552 30941 57457 86458 39482 28002 85306 33819 19346 105829 nlsj106503 65565 68641 71308 60308 28566 
-342	2	346 63013 nlsj14967 110456 67068 85654 58444 
-342	2	84234 84434 1456 112989 37210 36250 92077 72254 64152 112368 51849 45948 33903 65552 84234 72627 71308 79526 
-342	2	19346 71308 84410 104421 36923 59708 75552 16862 51849 115193 19546 71308 65552 88464 54452 41622 28002 65552 84234 33819 108241 114615 84410 
-342	2	85306 84234 41001 97101 80327 nlsj106503 57457 81903 12133 98323 27847 nlsj65911 46646 76530 22210 98234 65083 63772 75005 45996 42830 
-342	2	85306 45996 31161 86112 112720 80140 62204 
-342	2	72610 43089 96089 92077 74620 20621 89414 42830 
-342	2	111895 2845 
-342	2	71308 67762 87146 61885 41044 98414 63772 67352 37514 
-342	2	45996 78306 84494 80351 78100 72255 114653 
-342	2	72610 85306 11175 62204 68641 29630 42830 90166 
-342	2	37776 89346 71023 
-342	2	17154 84234 24436 47030 115391 92077 80327 24523 110114 83310 103701 45996 22210 75552 84494 43337 105829 14181 104421 64866 98892 45996 39125 
-342	2	260 72627 84234 25630 63772 20621 46571 nlsj68228 89366 83665 42214 28566 43836 14143 
-342	2	46613 24292 83139 84494 55910 10581 34855 62204 65552 33426 1377 110407 
-342	2	31161 
-342	2	2749 48291 6968 70958 104225 62204 91991 84494 83804 
-342	2	45996 31161 114651 44964 33819 86112 
-342	2	nlsj71743 nlsj93255 71023 
-342	2	68641 99053 22209 2764 85306 260 111031 45996 27847 68641 
-342	2	71308 nlsj97331 55905 45996 13891 19346 20621 47913 55313 
-342	2	92010 114615 87541 74797 44552 68641 106974 15893 16864 55905 85306 43206 3173 89667 
-342	2	47917 75552 28569 45996 71511 97148 68019 114624 85306 23443 100771 83756 1377 83310 nlsj40132 84494 nlsj106503 28569 60308 80357 48383 31236 84494 98584 33791 84534 46646 nlsj40132 
-342	2	35642 85306 nlsj61372 20598 27847 26886 114553 48551 98892 8665 44478 65529 96270 66561 
-342	2	114615 80357 22209 45794 115193 48551 28569 73809 105829 45996 nlsj107632 46249 88467 
-342	2	85306 52689 44552 84494 2654 102832 
-342	2	42214 68641 45996 110745 2764 97148 7618 
-342	2	72255 44552 60308 28566 11583 25401 37885 
-342	2	26886 83310 42830 84494 
-342	2	110114 58548 63772 30796 83665 41360 43309 85306 30941 27858 110598 715 110740 116416 
-342	2	104421 26197 28569 43591 45996 89982 19789 112350 83756 74735 25120 20621 
-342	2	20621 73672 92105 28002 45996 26199 
-342	2	71308 112989 20621 25186 6339 nlsj58406 85306 96541 79223 
-342	2	72202 nlsj32160 83756 62204 104421 nlsj61372 nlsj29289 43591 106974 nlsj82273 33819 44552-342-342	2	3398 62204 110858 nlsj177 110811 111490 18550 71023 45990 
-342	2	84511 12449 47030 5131 85654 86112 39482 99736 64151 98241 58444 86112 20046 1377 72627 114615 83840 43309 112350 
-342	2	111486 12512 42522 70958 83710 49875 26114 15274 83774 nlsj89813 68445 45996 
-342	2	98894 86276 65552 112350 42432 98765 41416 10090 
-342	2	346 26114 86458 76570 63772 114548 86184 89960 47007 20598 58429 
-342	2	71308 28003 66173 39331 16051 90122 9139 nlsj32160 86219 45794 52572 26886 34855 75005 60003 103972 58541 89366 31607 
-342	2	102103 71308 65965 
-342	2	33903 80011 79094 86305 22209 34148 104421 87330 112356 75552 80011 26197 11583-340-340	2	nlsj5343 4274 77928 nlsj5617 27148 48997 55313 2764 83495 90661 1397 37244 42214 76742 84410 84494 63772 71308 73742 41044 80557 
-340	2	114615 75352 28569 458 10581 102000 114624 69863 12227 31161 18185 75152 84434 80357 26412 
-340	2	90504 37776 8665 nlsj2565 48291 65552 106974 98358 nlsj29836 83319 107422 75127 107312 64316 1397 31192 
-340	2	38547 90504 17478 110521 1564 65552 37818 43836 26613 46646 22210 nlsj8783 nlsj4369 98353 39482 90305 nlsj107632 nlsj3699 90504 715 48551 24192 46613 98358 86458 109013 nlsj9582 nlsj8206 112379 55653 nlsj16651 31328 86281 80504 1083 98354 78064 
-340	2	nlsj56179 71308 84410 2981 67344 87541 99055 11583 109871 24523 
-340	2	67762 nlsj1588 93417 51849 34725 71492 31488 61265 32717 nlsj8668 71308 45936 35732 57457 nlsj87251 113648 nlsj4369 68641 87541 98760 19546 114624 114424 90551 104421 60308 83987 75552 63845 nlsj106503 45996 92927 35542 86184 90504 47405 nlsj6956 84410 74627 90166 84234 59708 43206 71308 22209 92077 54866 nlsj5408 28569 
-340	2	nlsj106503 nlsj11286 31192 85306 87911 115212 63300 43206 114651 84434 74735 44552 86112 100930 nlsj65911 98894 67132 84434 66294 100693 19719 
-340	2	38966 83711 11607 19870 55905 51647 71308 67762 90661 105829 91085 102669 25804 54452 
-340	2	84534 44964 63713 68641 8665 nlsj2565 98355 nlsj5408 109631 46804 29223 49875 15893 99507 nlsj61372 72254 72610 
-340	2	73277 nlsj7477 28569 89418 66342 92711 45996 114653 16171 nlsj106503 71976 86112 44214 
-340	2	84434 97101 65552 70958 101608 84234 
-340	2	72610 8665 nlsj2565 112934 nlsj5408 16051 35863 39482 28002 16862 105829 3173 nlsj32160 54399 72340 102869 22633 23069 110689 47007 57456 
-340	2	85306 64597 nlsj11198 92010 24917 nlsj5408 
-340	2	43089 71492 46612 44964 28002 45996 7911 81229 64866 1456 46123 
-340	2	84422 68641 106974 57457 58553 24523 64866 65295 nlsj32167 
-340	2	1098 10581 84434 52332 33494 66342 67068 115213 49875 nlsj107632 19546 111895 98234 
-340	2	85306 4958 46228 11058 61791 
-340	2	nlsj71743 56089 104429 nlsj71743 95123 88306 89366 
-340	2	31236 43309 112350 12133 
-340	2	111545 110639 99736 20621 nlsj61373 42214 27847 64866 18706 97121 46612 11058 37886 86219 73277 14143 
-340	2	92010 83324 46646 85306 114753 78400 
-340	2	71308 8665 nlsj2565 56089 40892 
-340	2	44850 23726 97926 101364 4965 8909 
-340	2	91087 104429 nlsj15362 24895 
-340	2	98234 116416 102000 
-340	2	42713 37891 93044 15548 57460 92320 97171 106974 102930 106206 
-340	2	nlsj29289 11583 28577 84434 56089 18127 52332 85306 91087 71308 79983 37776 65552 112165 2660 22209 110243 29630 11583 
-340	2	8665 nlsj2565 nlsj5408 74735 45368 111889 70958 29426 102117 8665 114548 88094 
-340	2	65552 92711 64866 73277 106094 11583 8909 86112 
-340	2	85306 nlsj107632 2654 47617 47030 45372 
-340	2	86917 83669 114753 78297 43591 68641 99096 112217 64598 19549 
-340	2	1984 nlsj57077 110598 47030 84494 11583 
-340	2	104421 83756 18460 nlsj96033 44552 45996 75552 26046 45102 26886 86219 
-340	2	90504 84434 83756 56089 
-340	2	8665 nlsj2565 79829 97108 102213 57457 79223 52035 79615 116293 43291 78309 42648 4076 84234 35542 51800 66173 1564 nlsj53326 91516 761 62204 70364 
-340	2	22209 70364 64597 8665 55544 1984 104225 41045 80557 72627 3398 67762 90504 
-340	2	106974 nlsj74816 97132 nlsj4709 92384 29787 72245 61791 70958 2749 nlsj5408 46123 2665 84494 67762 62907 91944 
-340	2	86112 96255 78757 71552 30790 97108 104225 
-340	2	75810 23726 83706 90504 84434 64866 84234 89366 84410 70958 59708 86219 
-340	2	nlsj32160 83706 66173 
-340	2	8665 nlsj2565 114615 61791 35868 63713 110407 1083 31192 46646 86425 84434 42214 33160 110484 24444 49875 97108 nlsj68228 52035 87541 11583 114548 97121 5112 90504 
-340	2	108660 22209 86112 113711 84494 76910 6871 22209 19789 
-340	2	70958 92091 116416 90504 43206 106696 1098 87541 
-340	2	35863 2731 80011 85306 85665 65552 57457 109865 nlsj6956 84410 26886 60308 77928 30790 42713 5607 64598 75152 111225 65552 84234 15893 55413 102000 84422 65313 nlsj2558 80042 3398 11583 59708 84434 92093 64768 30156 86917 42214 98894 80043 
-340	2	64671 110639 114615 78757 84434 78100 33819 63772 42214 98354 
-340	2	11583 63772 65218 86184 5402 22209 104421 nlsj71743 47030 84494 75552 27847 90753 114548 33819-340-340	2	84534 86297 13831 34148 75127 73748 41757 41088 72610 24292 80557 1377 70958 
-340	2	47917 67352 41044 
-340	2	85306 106974 30299 6330 11583 24342 51701 
-340	2	90504 nlsj8237 57262 15399 115193 78496 41360 26943 1377 42224 23799 65757 
-340	2	110598 41045 6324 19841 
-340	2	38547 47910 108279 nlsj4369 104949 nlsj70662 20621 112367 100597 25734 62204 84422 84234 
-340	2	114753 nlsj4791 33956 115193 60291 36772 89344 48997 85736 103012 42827 78500 nlsj2236 2800 42827 86291 98173 43056 6339 41357 13147 102230 35769 
-340	2	24436 99783 84234 
-340	2	78496 57262 86297 16134 27847 nlsj71743 
-340	2	nlsj7615 nlsj2426 6616 42827 24436 69469 42224 108802 1384 51241 7944 91489 
-340	2	92010 23726 79983 67974 28360 71308 110114 84234 
-340	2	nlsj5857 97121 84494 58718 55997 61959 11583 35965 98356 64598 83754 91944 84422 60003 
-340	2	37885 115653 
-340	2	18445 51989 73742 84410 
-340	2	110243 26197 nlsj70663 32591 83754 91944 34855 20213 115193 52332 41757 
-340	2	115213 78500 18334 29223 82665 86297 13831 80327 84410 
-340	2	nlsj71743 47917 
-340	2	61791 2224 nlsj5528 nlsj53326 70603 78100 73672 33819 11583 
-340	2	71308 104421 81297 68096 25120 40134 
-340	2	76765 80011 91516 nlsj8721 41360 37851 82665 33819 
-340	2	2749 84234 26046 105974 30097 
-340	2	22825 115653 90122 nlsj10603 nlsj6219 29883 48997 16051 nlsj2558 
-340	2	31192 100597 72202 67132 96702 6384 nlsj2558 nlsj10603 97108 nlsj6219 86291 49875 75127 73530 87535 61265 106696 97121 14181 1984 45948 
-340	2	92010 51148 26886 98894 84422 110407 84494 98125 20621 84511 12409 
-340	2	94324 12641 66639 84505 43977 84234 12973 111023 nlsj6219 84434 2660 
-340	2	93478 72202 61791 29787 nlsj76838 115653 112367 106696 
-340	2	nlsj32160 78309 101042 31161 26447 84505 nlsj5055 61011 27209 nlsj10342 31809 
-340	2	80327 31709 31607 12485 76910 15893 32657 58790 48997 75552 nlsj10603 nlsj6219 16051 
-340	2	59708 30097 11072 36008 92010 26886 5607 
-340	2	85306 62204 45996 26886 78309 86458 
-340	2	110639 20213 22209 31192 98358 30790 42827 60034 84534 24293 72963 
-340	2	92010 110456 54399 98358 64866 112367 nlsj107632 36008 19719 nlsj56179 1564 66294 
-340	2	nlsj32160 78309 104421 42827 83711 90504 30097 87413 68641 108218 110407 23726 79983 90122 97121 26943 61791 104015 35105 89366 31192 54345 115212 112395 12485 80557 84534 
-340	2	1377 40852 104023 nlsj15362 72202 
-340	2	70768 18107 nlsj70662 nlsj10366 
-340	2	110639 77928 nlsj10366 nlsj70663 73742 54767 
-340	2	3800 59708 23726 79983 61791 104355 83754 16864 79526 
-340	2	104421 84234 88094 106696 84494 26447 70768 92384 61791 29883 13016 98323 108780 90122 4509 45996 73742 nlsj89543 115212 109018 22209 83774 
-340	2	22210 87626 60003 22210 26447 115212 106696 60003 104429 12450 24436 
-340	2	84534 11072 89346 70768 54345 
-340	2	114615 84234 
-340	2	26943 61791 107312 75127 
-340	2	104015 107547 16139 
-340	2	70768 89366 11250 nlsj2558 
-340	2	106696 92010 74777 54345 4509 
-340	2	86763 45936 20621 69863 33840 77768 6325 78550 nlsj11000 nlsj100912 57889 nlsj9035 27818 84410 nlsj53326 97121 nlsj4369 78100 24607 11583 84410 90122 52035 61791 
-340	2	79983 84494 104949 115193 12035 50236 83665 61791 26046 87626 60034 42827 2754 
-340	2	95100 85982 52689 74571 63772 25053 85982 20744 80327 43206 
-340	2	63713 4602 nlsj2558 47910 6325 nlsj10299 25053 63772 25194 6058 nlsj107632 4548 22210 70839 12253 59708 61791 71308 
-340	2	27847 nlsj81833 80557 86297 98354 65097 20621 84234 26886 73748 33819 63772 24289 86293 37210 57457 11305 29630 109013 110243 37097 110456 11583 
-340	2	24436 98894 62204 64224 
-340	2	110639 84505 34276 31192 84434 84434 31192 
-340	2	99053 97121 98125 1564 61791 84511 22523 37726 35273 63814 19841 81963 83774 28002 nlsj32859 
-340	2	92105 80140 20068 67762 77699 nlsj89543 84234 62204 37886 
-340	2	2749 44552 110114 116244 104224 46804 nlsj2242 6058 41619 10381 72610 85306 26886 62204 
-340	2	31565 15893 59708 22209 92010 26886 45996 nlsj2087 86917 90504 55905 104355 72153 2800 nlsj7765 11577 7944 114816 9082 24003 
-340	2	31565 6058 11072 22209 109757 22209 61072 106974 26886 
-340	2	32717 31709 nlsj6956 56004 61791 115212 
-340	2	72273 84494 86917 77928 84434 61056 51849 
-340	2	90504 61791 71308 45996 33494 114753 104355 34148 10381 84494 83319 19719 41357 
-340	2	84534 22825 41045 22210 26886 45996 104429 84234 31192 45996 84494 31562 98354 73748 
-340	2	92010 43206 22209 19719 60368 15893 54399 86917 76910 84434 22209 105344 98038 30796 6058 89366 
-340	2	30097 
-340	2	nlsj94808 44351 64866 46646 86112 41357 75552 28566 52302 5607 26886 65097 48291 84234 25106-340-340	2	nlsj71743 20621 100693 
-340	2	43206 36345 63845 65083 19722 22209 22210 
-340	2	85306 77627 97523 8665 27847 35708 65552 45996 11583 63772 nlsj34252 86219 23726 22209 19972 102117 113379 114653 24668 18562 77574 
-340	2	43462 112720 45996 11583 42830 102930 
-340	2	104225 62204 3466 80340 45996 61791 88917 114548 34276 91516 73742 63013 29883 110739 31161 20598 47617 28566 26886 102117 114624 30406 100538 98274 46712 63103 83665 45996 79828 89366 37777 65552 22209 93812 44552 111462 
-340	2	28582 11071 71976 115887 45996 103972 114651 16171 112720 106974 37650 29624 86458 84234 19871 72202 nlsj71743 98894 10090 104225 83665 37650 86219 20621 78757 
-340	2	37776 1564 nlsj59172 62204 86458 68445 28566 25249 85306 6330 45656 57457 84505 83669 16862 19788 79829 85306 nlsj40132 39288 26207 86112 
-340	2	89366 68448 83718 110598 4071 14181 11583 113388 113388 11058 62204 
-340	2	98234 33426 45996 35708 
-340	2	27134 79983 98707 nlsj1588 28582 85306 114651 22209 68641 98323 86219 57456 79829 98894 72340 103972 13841 85306 33903 65552 51368 105829 8909 58543 43833 
-340	2	1564 88971 nlsj34252 72766 45996 11583 73672 70958 22209 29629 33903 2071 78607 27847 79983 83754 90504 114553 113556 47897 31305 47735 72202 52571 83945 84534 41464 
-340	2	100693 nlsj61372 84234 
-340	2	63713 98894 nlsj71743 110855 97048 45996 108660 37726 8909 38547 70958 715 46712 64225 83324 4845 114651 111462 60308 43833 43309 84234 85306 113388 45996 
-340	2	11583 113379 96089 8665 nlsj61372 73496 73672 37885 103972 116416 116469 13028 
-340	2	27134 72610 nlsj71743 90551 112367 
-340	2	98598 106566 106696 9757 86112 77928 116416 64521 34522 80357 87417 
-340	2	62204 39482 110407 106696 111023 78607 79983 96655 1093 
-340	2	70839 20621 51679 104225 67132 92927 11058 96662 103972 45499 105829 45772 88917 
-340	2	11728 54847 61856 106696 102018 44318 45996 94246 70958 34439 85306 86112 
-340	2	27842 98894 86184 
-340	2	47629 45996 26116 104355 40154 11583 105829 nlsj32160 nlsj71743 16862 80011 70958 116416 78116 45996 nlsj58406 89365 85306 105829 88094 28002 106974 96106 11058 44552 45996 11583 114753 26046 
-340	2	47917 64703 22825 41045 81325 nlsj89454 42830 
-340	2	5131 31236 68641 112367 110114 96082 8665 nlsj56179 90319 22209-338-338	2	114753 98323 114615 25160 84494 47030 nlsj6956 nlsj9582 nlsj2615 73767 51849 33819 46613 nlsj89813 84494 80327 112350 102669 37917 
-338	2	104429 52035 71308 98234 67344 24292 80327 
-338	2	1093 22209 6325 43309 112350 39482 108850 20621 86219 62204 nlsj32160 80140 64915 83711 84234 nlsj1588 84434 33160 
-338	2	85306 91516 85982 78056 84234 97101 19346 nlsj34252 99861 
-338	2	72202 110639 93478 97523 90504 72610 22210 100397 39489 
-338	2	3398 nlsj32160 78149 90551 66294 75774 22209 nlsj61372 42214 116477 33819 52035 64866 86219 
-338	2	45996 28569 90504 77574 11711 41044 25120 79223 79746 78100 86184 
-338	2	71308 28566 78149 54502 86371 103012 39438 
-338	2	12194 45996 nlsj61372 67253 85306 43689 28002 65552 52571 39482 67304 nlsj39585 89366 85306 26197 
-338	2	75555 98234 
-338	2	463 104154 45996 10853 86219 11058 19346 6325 nlsj53421 33819 99053 19546 71308 65552 88464 84234 86219 90122 
-338	2	63845 48291 22209 
-338	2	55814 85306 nlsj97331 79223 87417 28569 28002 71308 45996 nlsj29289 15893 106974 
-338	2	113388 45996 nlsj58406 68641 86429 19972 70364 nlsj34252 22825 41619 77412 63772 80557 71308 46646 22209 45827 86184 33902 22209-290-290	2	70364 66173 111483 22019 106974 58964 111483 
-290	2	18937 79898 115887 106197 
-290	2	62204 67509 111483 106974 116293 79484 116293 73672 62204 43591 79223 116293 67344 
-290	2	111485 70364 22019 22143 260 113388 22209 70364 4845 76765 18415 66173 65966 114615 84234 43591 79223 45996 11709 86219 45996 
-290	2	100495 77837 86219 65965 96929 nlsj61372 46123 25106 
-290	2	90504 48291 18298 64586 70958 58429 48291 70918 108215 18297 4509 64587 9152 88716 112559 28566 18297 64587 28003 
-290	2	48291 34982 22535 72627 85306 70958 112559 72627 70958 
-290	2	16134 85306 48291 6616 85306 27847 48291 88716 
-290	2	87931 108702 115471 85306 nlsj96033 14189 
-290	2	35570 65552 20020 nlsj96033 37851 116469 260 
-290	2	49875 72259 nlsj14967 73672 12449 4509 
-290	2	70958 47876 260 52332 2668 96577 2668 47876 
-290	2	72153 22535 75005 47876 13027 84234 46425 48910 11760 90166 114753 1896 18107 84226 
-290	2	46123 23726 54345 22483 106974 46123 23726 
-290	2	65218 62204 nlsj32167 47876 64151 79223 64151 66173 
-290	2	79223 36008 88917 56586 64151 
-290	2	112332 52332 47876 47876 79223 47876 79223 104154 
-290	2	46123 102992 
-290	2	85306 47876 65552 52332 110606 7155 46123 52332 2654 
-290	2	95661 78071 46123 111895 46123 89451 46123 28003 52332 46123 
-290	2	116416 94365 83756 77698 46712 2654 114753 67349 46712 53413 
-290	2	77837 70364 nlsj61372 46123 22019 nlsj61372 55313 43895 68641 46425 16363 65966 nlsj61372 46123 nlsj61372 12641 
-290	2	85306 113711 62204 nlsj61372 112794 112662 116136 91489 2244 80993 112662 116136 91489 2244 80993 80327 110639 92010 11970 46123 43287 20598 19719 65218 39178 
-290	2	68182 66173 77698 47030 77698 47030 77698 89743 11835 77698 
-290	2	nlsj17991 39489 112703 56586 112703 6330 112703 68641 6328 43591 6330 102000 11168 46123 
-290	2	12162 48591 2645 112472 38046 72202 102000 106205 115887 16962 64586 46123 103012 
-290	2	113388 86219 3895 102440 
-290	2	11433 22209 64316 115887 113556 45996 18980 35167 46249 43206 115887 102000 260 98735 
-290	2	104429 nlsj59172 114558 45996 79223 nlsj59172 3895 3895 nlsj59172 
-290	2	nlsj59172 15893 103012 62204 64586 46123 
-290	2	260 90504 97509 22210 55086 2645 112472 54647 53131 76530 260 60003 
-290	2	90504 260 98973 nlsj59172 2654 85306 nlsj59172 107312 83756 29630 41798 85306 3896 nlsj59172 59794 70958 65552 nlsj59172 85306 114753 108780 3896 
-290	2	nlsj59172 112720 45996 72254 260 2653 51647 3896 52332 1564 110612 112794 
-290	2	103745 98413 98894 16784 20097 60003 51792 
-290	2	114548 260 114753 52332 52332 34219 260 
-290	2	17559 260 65552 70958 77698 73064 114548 45996 85306 73064 15173 80327 22483 46712 85417 13028 46802 nlsj32160 112703 44834 56586 29438 63635 115089 51148 85419 24856 nlsj59172 41498 11583 3895 35107 64483 106502 3630 12485 nlsj59172 35167 90305 
-290	2	99839 12210 85420 24856 106205 98739 6339 19972 114553 11123 84234 8909 85420 25121 89311 59794 26061 106094 18417 78757 
-290	2	62204 nlsj59172 103012 106974 16933 nlsj59172 13023 56393 62204 715 73742 52332 31849 70958 3895 102000 102432 115887 nlsj87670 61310 99865 13023 76703 23069 nlsj61217 75552 110598 85420 104538 46712 21902 19972 70813 63724 2764 37173 2645 112472 28002 37095 83665 115887 54345 
-290	2	15893 65552 260 112356 
-290	2	111486 103993 106974 112356 63845 112794 nlsj14967 26412 46645 46123 112362 nlsj61372 26886 112362 nlsj61372 26886 46645 
-290	2	98975 nlsj14967 46123 46645 46123 46645 18844 
-290	2	70958 59794 nlsj96033 75526 28003 47876 18417 45996 112720 40069 103012 260 80978 45216 44834 25106 52332 114753 85665 45996 20885 nlsj32671 31246 29958 65755 79094 86219 108017 6339 22209 103922 106094 6339 10859 106094 16453 74735 1223 66246 34855 78228 112794 
-290	2	59794 nlsj96033 69052 54214 103745 112703 65755 28165 33903 78072 108215 nlsj96033 103975 11463 45996 6339 
-290	2	106094 48291 85306 70958 108660 16943 48291 86219 71 2764 72610 260 52332 64586 46123 8909 26447 15893 65552 260 52332 114424 59794 70958 44395 17301 4594 45368 19789 86184 nlsj61372 60003 75037 nlsj61372 60003 75037 
-290	2	97505 65965 47007 71314 73672 75774 106945 73994 46245 48291 8909 
-290	2	37776 48910 46123 8909 1899 260220