-335	62204 73687 78607 98234 110272 106502 30885 51647 90504 31161 
-270	30790 5446 110272 5402 
-355	102096 48291 76335 67615 20104 112720 98474 nlsj62560 91547 nlsj553 28569 26296 73405 nlsj553 57466 73405 47629 22209 22209 85306 47629 20871 108081 34366 54399 57466 65552 72627 72627 104355 62274 104421 79526 18436 nlsj553 37720 30040 13229 110272 
95	62204 53020 110262 61791 53025 88708 76335 97252 110272 105947 97245 22209 
-355	110272 46395 
-375	15345 110114 3891 46712 46712 3891 104429 47629 106209 110272 nlsj59172 4071 22588 
80	64521 nlsj11198 47735 81852 102432 62204 110272 111908 36901 
270	63772 70910 22210 36165 63772 62204 62204 20621 70918 70918 72627 9143 64866 70932 29883 110272 22483 43206 4076 43206 63772 97767 
-365	18445 65552 55595 95207 110114 63772 6058 31037 30885 110272 29883 78538 67294 67304 67294 115563 
93	110272 31161 18127 22209 
200	nlsj46820 110272 25401 63715 nlsj114757 110272 63715 89960 115887 104429 nlsj46820 52571 61791 74126 71023 
-365	108078 75552 47007 110272 18006 62204 94815 91547 95221 29974 27393 47405 110284 72273 4509 61855 62257 31236 100410 34522 30814 76335 34855 2668 79526 30866 11894 
270	112559 18107 71976 61791 18107 104355 106601 110272 80357 67762 61791 71976 48291 52571 84234 45996 110272 45499 42827 
230	72153 74126 15893 48504 22209 112720 8909 30809 49875 76512 49875 61791 110272 49875 1872 32591 96447 76530 110272 104355 30809 26226 109757 58429 30809 49875 103922 24344 47617 5736 22209 101042 24323 
95	6716 nlsj68228 nlsj60494 76335 76530 nlsj12009 71087 62257 67250 80155 45996 89960 70550 46892 115374 6716 17325 74735 110284 28002 35416 110272 70550 42854 67620 95644 45446 111211 115887 6716 84234 68174 36165 110114 88464 52572 48052 42130 64586 4076 47922 nlsj61372 
-335	11583 nlsj32160 98211 36406 110272 108078 15618 62205 30885 36406 64316 2668 110114 108078 110272 
-365	74752 22209 79526 74752 84234 110272 
180	110272 6330 
93	110272 79634 69961 68791 110639 43598 nlsj56179 48291 109440 110639 102847 44447 65552 62939 71308 4835 114548 47897 78149 80357 33603 7595 1522 45996 62204 
175	nlsj11198 37776 102432 45499 48291 4478 110272 
230	44397 26233 76118 26233 110272 89960 
270	76910 31607 23628 68185 2668 2665 90504 nlsj32160 2665 75898 66148 68185 61265 68185 2666 110272 nlsj55955 68174 56124 106974 62824 2668 67344 79223 74719 
-335	51647 106263 101711 57460 110114 30885 110114 25945 77102 110114 4462 72627 47533 51701 110243 51773 110272 108725 57466 98234 2666 65552 42830 57466 18128 77102 102432 110114 76335 103133 42648 36406 72627 65791 91627 nlsj80267 76512 84053 85306 84234 57466 102433 
-375	102991 72610 46892 106502 4509 30700 110272 115193 28566 55714 47964 72627 
359	35863 104690 30885 105829 74050 71174 50502 89346 56586 65218 88781 71023 110272 85654 102000 59660 2668 24917 
-335	57460 35708 51773 84234 85306 110272 2668 36407 2666 nlsj107632 62344 109757 
230	64562 110272 73994 4076 57460 
-335	36406 110419 75552 108078 22209 4076 35868 110272 110272 57466 2666 51773 51773 36406 
-150	1522 74185 71314 1522 nlsj11323 69511 38732 108078 58367 103102 33457 110272 115887 78382 87087 nlsj14123 14467 111908 41633 
-375	28002 110272 28003 75753 75759 
-335	35165 98234 72627 83203 22825 nlsj114757 nlsj114757 31236 6184 nlsj65911 6184 48579 nlsj114757 31037 110272 nlsj32160 108660 48580 110272 72627 31037 68180 
93	68725 23069 110272 41481 48291 nlsj76164 nlsj61372 78607 65552 43314 76703 22635 48291 88094 52571 92927 41485 85643 nlsj8484 8045 
90	31236 40340 75156 115887 110598 84248 85306 83774 41858 15822 116416 82881 106502 107344 86371 40006 25731 110272 40340 61791 
-335	35708 108078 110272 2777 72254 86184 4602 116416 66173 86219 86184 86219 84534 44078 99858 86219 2777 88138 105829 57466 47007 15893 76910 6330 108078 57466 84534 15893 47007 86184 88138 76910 25401 110272 71167 
-335	14779 108081 115887 62204 96089 110456 67762 nlsj33704 57466 nlsj105619 19789 22209 110272 39331 105829 
-375	45996 115887 19452 33770 76910 74732 104355 111908 nlsj14877 116416 62204 68166 102652 60692 74735 115925 94894 110272 72627 79526 115887 30885 51701 13150 74729 67132 74735 
95	93812 110272 85306 62204 110638 1223 5736 45996 nlsj6049 nlsj8205 45794 15214 47401 nlsj11198 18331 113560 116416 59708 28566 66485 70768 nlsj5627 52048 7944 93585 22209 84034 42926 66961 7637 
200	75552 48291 110272 68641 75552 110272 21920 nlsj46820 30866 
-335	2665 84534 nlsj34252 108078 110272 35710 35863 
270	112720 43206 110272 57466 51855 89311 110262 96270 
-375	116416 22773 27629 103052 61791 9070 104138 76910 103052 31607 104138 63772 74735 21920 70910 93471 16110 74735 43206 104138 31037 62204 31037 90504 94815 38547 106502 110272 75552 91439 62257 110249 100693 54631 
-335	108078 108536 74735 4076 79983 2668 4076 35165 76335 79983 2668 116416 30040 88781 2668 116416 30040 28002 62204 115563 116416 30040 55905 3289 110272 28003 nlsj34252 76530 52571 36400 110243 
-375	66573 65552 33426 110114 86371 66838 27847 42827 29883 110272 51182 
-375	64221 24175 66963 94815 30885 110284 53763 46892 38220 31945 nlsj114757 112744 46892 110284 1517 20097 106502 110272 48051 94815 30885 94815 43206 110284 46892 60003 nlsj23627 86114 103701 26680 45996 28569 38047 19788 115887 15133 nlsj96033 116416 104429 93478 102000 110257 102021 74732 104355 
93	nlsj112819 62204 24522 nlsj3386 108676 110272 101089 25447 nlsj91621 65295 59708 110272 112833 114548 63772 112934 22209 78056 67762 59708 108660 48051 397 70839 93812 46613 65552 260 67304 21920 32333 107890 8909 51366 
95	66294 31236 22209 85306 31236 110272 58429 32421 106601 81305 73142 92010 66294 43206 112934 71308 43206 90504 34855 110979 67974 47917 115391 
171	24261 43291 7834 nlsj3900 29752 90504 52995 85306 47931 112016 110272 1083 nlsj3174 50093 48291 
270	68641 70911 110272 92010 88716 110639 11760 70922 22773 nlsj89132 29883 31945 22773 nlsj89132 15047 11760 29883 
-423	80993 94769 86108 317 110272 23694 
-375	nlsj80462 73672 4845 1564 49875 24340 76029 45996 19719 86112 33770 10923 54217 47030 110272 76029 45996 112794 
-375	85982 45996 67853 110114 110114 110272 4071 67856 
120	67501 nlsj7114 55425 52774 66561 22209 42830 116410 52774 110272 112720 52571 77484 66838 103248 96160 941 46613 56518 115201 66173 
95	115887 76516 16273 39984 72627 32320 101519 110272 57463 108078 83057 
-10	42842 93812 110272 110598 112467 51862 110639 89376 6174 66593 86112 51849 84505 
93	87146 73064 105043 2224 57466 79223 75306 47856 63845 110272 101089 87413 
-20	23230 110272 14101 78601 71023 112307 55158 116224 85306 13924 84511 
78	104429 116293 22209 112332 90303 74050 95811 110272 90305 48291 61885 45492 50616 110639 112620 72756 27847 60375 66573 106094 115887 40001 66173 31161 26447 113560 33304 46123 65091 87091 nlsj177 24999 
-335	46646 74735 36406 72627 27847 68187 77838 103922 86767 98234 84534 36406 103922 73517 104355 110272 24340 36406 108078 110272 35863 28002 28003 
-335	57466 110272 84234 88183 66173 98234 76530 105829 112362 
-335	85306 110272 49817 48579 61830 52571 27875 80327 20242 73687 116050 88464 
200	110272 33770 nlsj55955 24925 33761 22209 65789 64562 
230	110272 103874 99485 24842 10129 22209 83705 100990 
78	31236 42926 18761 19560 7170 8665 89676 2408 115235 73903 112060 104678 71314 110272 110606 2219 14873 114972 48341 29927 nlsj32339 
-365	85306 nlsj9472 104429 3398 6339 114753 38732 50236 87146 46858 89960 30022 76513 6325 34982 45610 66574 104429 22209 27847 67762 110114 65552 112989 92073 77613 7647 63772 110272 86184 42214 77847 
270	63713 2668 110272 78141 39888 84234 99045 24847 71023 nlsj177 45827 72627 105941 45996 28569 
95	63772 6616 71023 45996 89960 110272 23242 30885 76564 nlsj58972 79033 16169 8909 83483 115887 29178 102000 22209 28002 45656 56586 4478 23242 85654 23794 45996 
95	30885 89960 82451 43206 57741 2668 4076 105943 62204 88708 29883 97252 91605 61367 57741 76512 110272 19722 33059 45996 73742 30790 50814 104189 62344 50824 104194 97255 94511 76335 94512 97252 6339 61367 91605 62204 
200	4602 nlsj114757 89960 110272 
270	21872 42840 83622 110639 85807 65615 45996 70130 72522 75907 2670 42840 22209 80610 67132 112720 70922 30885 70922 31947 34598 31945 22209 nlsj30855 30866 11144 45996 115887 86371 105829 260 64948 11145 11760 110272 109194 42840 103942 
-335	102016 76530 7019 46255 110272 93812 79392 35708 28566 7007 77699 nlsj667 25401 41619 7007 47617 nlsj71743 65791 110272 57460 nlsj71743 
-8	114548 20600 nlsj53326 96270 54345 84494 29562 65552 98707 84434 103102 110272 65552 29011 110114 72627 84534 98234 
120	110272 
270	110272 45996 71976 41336 116416 90504 56586 71976 
-335	110262 42648 90504 115887 70910 110272 98234 76530 70910 75555 24657 31945 90385 nlsj89132 75078 104891 22825 75078 nlsj89132 70910 116408 nlsj89132 70910 103922 73517 nlsj89132 70910 nlsj89132 112720 nlsj89132 11145 103922 nlsj89132 75078 70910 nlsj89132 2764 24289 70910 100495 114753 114753 63772 65565 6330 22522 57466 114753 110243 90504 2671 22535 68174 70922 110272 110272 58429 2668 76530 71023 98234 29883 90504 2671 
270	97523 24342 97523 59150 86112 95641 110272 
-365	110272 31037 11894 103701 nlsj55955 75005 88464 
-365	110272 11607 110639 103701 11616 104429 85982 115471 28003 115887 110639 103701 42358 
120	83467 36407 110272 4076 74050 47964 
230	26197 110262 110272 
-365	110114 37776 110272 
93	nlsj11198 80239 nlsj10163 22825 60003 76335 110272 20621 48291 
-365	35863 41021 85306 110114 31236 103701 74126 88464 110272 42896 106209 24340 79983 103701 28566 55714 64512 20097 85306 74126 31236 45996 88464 
270	6174 26226 31562 92010 22210 43206 103745 43206 115213 nlsj55955 59708 59794 31236 110272 22209 72627 78228 94815 43206 109397 72627 67762 110284 65552 65295 26270 33140 43206 22209 61885 43206 
150	100436 22209 112350 75005 77169 110272 3389 67488 69896 
-365	89405 42830 110272 79526 71308 110639 43206 21920 
-335	110262 115887 42648 2671 nlsj55955 nlsj55955 2671 43206 110262 35417 2668 22209 57466 36406 110272 110114 108078 110272 36406 62204 12227 31565 nlsj107632 22209 110243 2671 36400 nlsj55955 
95	110639 48291 7190 95221 22209 86305 nlsj884 52571 59339 30885 59339 110272 66173 
230	nlsj46820 110272 25401 nlsj87789 nlsj87789 72627 22209 7680 50824 79223 
-355	1192 nlsj13190 4076 112720 106974 74057 28588 22209 30040 27271 4076 62204 31037 22209 43206 1564 110598 110272 43206 89366 22209 76029 nlsj11773 9757 78538 74185 nlsj29836 3464 4076 63772 75777 75777 86083 22209 31236 4845 nlsj65911 28592 22209 
-375	89311 85306 43206 43206 110272 43151 9233 
270	42648 102000 103922 103745 116074 65088 2668 110272 83319 4071 61791 78607 74058 84234 35419 70958 74735 36406 
-355	72202 63772 100673 66173 66746 2668 34678 66199 63772 30885 110272 71314 47007 nlsj71743 115871 48291 38965 47451 49817 100693 103922 55998 91439 62320 61855 22389 83140 45996 67615 25395 71023 110598 28569 72627 56082 24289 105941 55714 30885 79526 111895 74626 66342 83140 114548 97505 112989 90305 11701 nlsj111224 nlsj78244 47442 114364 115055 34583 99045 92861 104639 84234 63689 28226 91489 75005 54096 101383 34646 97812 64152 16153 79526 34855 110272 12585 86188 25401 40564 83140 47629 79526 57460 88716 34855 112720 30790 22393 98973 114548 75005 62257 33618 11999 nlsj59923 43912 84234 47442 115887 68262 56004 71314 24668 45996 67250 64944 114548 108078 63772 112356 67132 
-375	72610 85654 115887 45996 28003 97505 114706 84234 28003 43206 110272 11728 4076 52571 19789 43206 43206 4076 
0	107959 48226 110272 
-335	35416 57466 2665 115887 72627 70911 110272 110114 38732 116416 22813 31037 48579 74735 59127 59127 36165 76530 48591 nlsj114757 22825 48579 115887 22209 116416 70911 68641 31945 31037 68180 
228	41918 17105 76703 74127 80011 65552 2031 75954 96389 57683 35541 71174 110272 45996 68791 14551 80436 
270	71023 85306 38560 30790 70910 31236 38879 30790 37075 1564 61791 83780 75152 71023 76335 75907 nlsj11198 37200 45996 75555 83780 39482 11145 45996 110272 37200 61791 85306 84234 
-35	35708 112703 21872 61830 112703 2764 7724 14181 110272 55934 22209 114753 75078 18968 nlsj10939 16660 84234 88435 34982 41464 
230	110272 27852 25401 72627 22209 108081 110262 105949 115887 4474 nlsj11071 24261 115887 109865 
-335	110272 
270	30885 70922 59339 11583 103012 70922 116416 67855 nlsj62657 72627 31037 22825 106502 110272 106502 22813 27847 
270	115887 71023 46425 30866 63772 80978 11728 28569 84234 107442 89361 75005 24289 37777 62204 116416 57466 96270 4083 30885 110272 71976 109194 45674 51241 96270 11136 110606 20621 nlsj11198 49824 22209 17012 74735 34855 1564 nlsj41805 67762 65552 47617 64866 33809 107520 30885 66294 110606 28566 51368 16986 51366 71023 61791 33811 22209 
-375	110272 110639 
270	114615 46249 11222 115887 111486 84234 15893 79983 62204 76516 72627 110272 45660 76513 84234 102433 98051 102433 88917 52332 31037 76530 62204 11072 63772 73277 18107 29883 29974 22209 75907 115887 45996 43309 22209 11222 51369 2777 76530 74719 29974 72627 74050 110262 6616 30790 30522 115887 nlsj41805 84234 76512 62204 84234 37726 72627 74719 76513 62204 115887 
-467	324 4076 36407 110272 76335 80107 114624 23539 
