95	72610 85306 45996 71023 20621 17540 17363 75019 1564 86767 nlsj10869 64757 2515 70035 nlsj105619 88971 103714 58553 43206 67619 
-375	24261 nlsj107632 75019 116416 45492 nlsj76838 45499 74599 112934 74127 52571 72202 
-10	60308 35576 nlsj14967 8865 48910 85306 79223 39331 17353 26886 87859 85306 nlsj76838 3464 63772 75019 70958 48051 58429 nlsj76838 24103 24292 62204 93963 84234 27489 16266 nlsj71743 nlsj32160 22502 92927 20598 14023 48395 1397 29559 58565 1397 45368 17353 98894 44627 86276 112362 22502 80140 18550 106184 106175 59315 59315 18417 18417 23726 23726 
-375	84202 20621 16051 25856 nlsj107880 33953 72202 40124 74126 77699 17807 57039 45996 75019 
95	46645 74126 66668 80011 88855 83310 106566 12216 92093 1192 74127 75019 94485 nlsj56504 3031 25160 81297 1211 74767 33424 4845 44552 17478 80011 
-335	41363 80761 30866 110598 1522 4602 20019 107133 75019 103701 64316 42830 15047 29698 
90	85982 72610 34276 102905 103701 44000 42159 20621 31236 88735 53131 31236 96174 nlsj52693 46712 45996 80327 75019 64866 85306 10947 71751 11999 54516 
230	25120 74126 75019 
-375	45996 27847 45996 24226 nlsj104004 78323 62204 72627 nlsj32160 90504 74126 75019 
166	86117 37720 63772 19972 75019 98982 74735 20621 47917 112934 29883 
-335	112362 43309 20598 43518 29883 75019 98894 103012 112356 4076 108702 
-375	nlsj107632 90504 74126 75019 72202 1522 nlsj68228 109750 72202 6339 24342 72202 
362	54631 5131 19972 75019 68969 65552 112350 78056 102106 4845 26412 11058 68969 19992 68969 48291 5388 3077 112559 68938 83718 nlsj175 49955 31548 81161 
-375	64866 14954 nlsj107632 nlsj1031 62204 85306 100601 74126 24342 101024 88146 86112 75019 74126 100597 26197 100590 116416 71308 97767 34848 71308 67762 65552 52571 65552 67762 
95	37885 75019 47917 6616 90172 50236 26943 45996 1377 
-355	75019 112217 
-375	24340 48291 52571 75019 112720 74126 
-355	64517 78228 113388 nlsj59172 75019 116469 43309 nlsj61372 4071 14023 
-375	74735 nlsj56179 114615 31037 75019 46249 nlsj77146 62204 6325 11709 88971 67344 31037 
-375	19788 30790 15047 42827 84202 72610 45996 74126 73672 31236 15047 41498 29883 73748 100597 61072 45996 74126 75019 
-335	41018 75019 4965 28002 75019 4071 
-375	116416 115675 25699 74126 75019 
-405	3392 87946 75019 41858 
-395	4965 36571 75019 46613 86219 nlsj61372 43309 86219 6330 24917 43309 86219 43598 
-365	71308 46646 110243 20621 nlsj76838 16052 75019 26680 
-355	75019 116469 75555 106206 90305 62204 31599 75005 
161	74126 75019 25120 47601 92384 62204 76910 25129 104429 6184 nlsj68228 65091 92373 58553 42214 47601 
-355	105548 25405 115193 30030 59922 nlsj76838 37776 75019 22209 nlsj107632 22209 
-375	nlsj10042 nlsj2957 8865 25840 27847 nlsj97331 110639 74126 nlsj795 106566 62204 75019 
-375	110114 nlsj1031 20621 74126 75019 62204 
-335	45996 34855 112769 nlsj114757 8909 75019 nlsj71743 106974 nlsj114757 45996 10923 68754 10923 66838 112769 3182 61791 22100 105550 6330 1564 54217 45996 68754 
-375	46646 3398 nlsj9191 80820 39131 3398 106974 76586 110639 61265 17595 64757 72202 4071 74126 75019 
-375	71308 95100 104421 46646 110114 90504 112720 75019 45996 74126 8665 45794 86112 103922 
-375	101976 84534 25120 85306 28566 80327 75019 74126 100597 73748 
-395	103701 15618 62204 41021 18334 26196 92783 15281 22739 75019 77699 85306 27842 68185 
-375	84234 98584 31037 75019 34855 78538 nlsj32160 12485 72627 30911 66173 31037 
180	75152 72254 15893 72018 87771 103012 51855 56089 86184 74127 75019 nlsj75598 93789 
-395	nlsj14967 94753 102000 115887 nlsj114757 30941 nlsj61373 77847 102381 75019 103701 12485 
-375	30406 nlsj177 80107 63472 114615 1211 nlsj32160 26412 75019 64914 nlsj9255 
95	5131 48760 46778 76512 112720 75019 28003 110457 4335 75156 110114 23726 79634 5257 91208 111908 115887 
-355	67856 110639 75019 67853 75552 72627 14023 
-375	45996 101024 22209 75019 74126 100597 24342 73672 9233 22739 30811 100597 105829 
-355	102117 3282 112362 18550 110639 7911 23678 33426 67762 64936 45996 6174 nlsj59172 31607 31607 107315 64152 107315 7915 23690 112362 18550 70839 46712 19972 19972 102117 7915 112362 106206 23690 18550 3282 71083 98192 nlsj14967 45996 102000 115887 68936 45996 19972 46712 107520 82190 52774 75019 nlsj14967 43697 45996 46123 43598 11894 34855 73277 
-375	72610 65552 47922 62204 74126 75019 
-375	43598 87535 110114 22209 114548 86112 75005 114548 75019 45372 41018 79526 nlsj32160 37776 nlsj107632 11583 8665 78757 95661 
-375	28002 4076 75019 86184 113711 46612 112356 
-375	85306 111895 74126 13098 11728 37776 74126 75019 
-375	71308 42842 74126 96929 105829 nlsj32160 nlsj107632 46646 75019 40852 
-355	92010 75019 22210 65975 89366 89366 29809 92783 84248 88716 75005 
-335	75019 63772 nlsj14967 2764 63772 nlsj14967 75005 29883 103012 103012 
-355	68891 4076 11058 35868 28588 70989 19719 47897 65975 75019 112720 79526 
-375	101976 85306 84534 86112 79094 116416 15893 62204 110407 75019 74126 93478 62204 28566 72202 85982 33304 1666 16112 31599 62204 
-375	31236 75019 74126 90504 109728 26197 74126 72610 99783 
-355	75555 62204 28566 2654 75019 47897 114615 nlsj76838 1083 102381 
-375	62204 52689 35983 64521 75019 74126 22825 
-335	75019 43518 20588 
-335	nlsj80462 43518 75019 116477 nlsj32160 
-375	64866 74432 27847 74126 75019 46712 91391 20621 76703 50810 nlsj1031 76765 79697 112989 nlsj61372 74432 45996 64914 
230	24261 103434 46613 75019 74126 63715 
-375	nlsj96033 74126 72627 46195 nlsj77146 62204 45996 nlsj68228 nlsj107632 40852 86083 75019 74126 57039 
-335	75019 20588 43518 260 103655 
-355	62204 2764 48291 8550 nlsj32339 76335 75954 71023 55714 81774 114553 82483 25396 97505 16961 102432 32433 63724 112720 75019 67132 67853 48291 77698 12162 83467 51849 
161	65552 93812 nlsj8790 75019 42830 26207 30796 nlsj2558 110872 nlsj107632 83718 46249 45996 
95	31236 58429 63772 61056 75019 70188 nlsj101284 104655 21920 
-365	6330 84505 37776 75005 26196 68641 84505 44964 16052 4076 41024 27847 68641 nlsj76838 nlsj76838 16051 33304 3800 80614 83972 108721 75759 75019 
-355	112720 27264 28566 68890 75019 93478 50236 63772 13016 68891 76570 28566 
95	45996 37851 84238 70364 45996 27847 52572 65552 74126 95661 26886 8665 3630 19546 53131 nlsj14967 11583 75019 
-375	4076 nlsj1031 22316 73162 73687 6330 112162 90385 100597 74126 75019 
-375	45996 101976 74126 75019 43206 52571 74126 103922 43206 
170	64914 35360 68641 34855 103922 26197 34982 110114 75552 75019 4071 46804 nlsj1198 27818 66342 112703 48591 46249 11583 nlsj114757 35417 
95	nlsj71743 60034 75019 97132 14954 104166 23634 62204 
-371	75019 88183 83718 84234 28566 64866 47964 47617 52282 76335 3261 96981 34451 
-355	75019 34855 75019 88821 
-355	62204 83665 68890 75019 nlsj59172 115887 85760 28569 
-335	75019 83705 24340 
-375	nlsj80462 114615 46249 39482 72202 75019 
170	113379 101655 260 63772 45408 16051 3511 2767 62204 113388 31706 92783 75019 83665 14954 28566 
95	11004 112794 75019 63772 24289 63772 24289 112720 90504 26197 83099 2704 112720 67132 113770 20800 11072 52774 39140 102676 
-355	2731 nlsj61372 24261 nlsj76838 22209 57039 75019 45996 24261 112720 26207 47617 88464 31236 21920 81634 104655 21920 19871 78496 
-375	71308 26680 74126 75019 20621 72627 24342 72627 
-355	87146 114753 16052 5455 78500 84248 22209 112720 84250 742 26886 68876 70962 19181 64866 24292 55905 nlsj59172 56723 49117 106733 nlsj80924 26815 17461 57359 67853 99045 68890 3800 9143 55666 75019 45996 68890 nlsj59172 112934 31565 19789 31565 113711 29883 60003 75005 
-375	42648 50605 92316 24292 45996 75019 74126 12948 
-355	nlsj80462 90504 nlsj32160 106974 11583 75552 98567 113388 68641 96089 75019 105344 116469 
95	nlsj80462 70364 62204 nlsj14967 49938 48291 103922 103852 101726 nlsj14967 nlsj4526 92323 110166 nlsj39949 48121 116050 nlsj39949 nlsj61372 nlsj14967 19972 43977 72610 62204 15133 48051 37405 75019 63772 3648 63715 112720 24792 73742 115887 70910 
-355	21566 nlsj76838 90504 57456 103922 nlsj61372 103922 75019 84494 
170	53131 85306 74127 75019 22502 12281 
