-10	44964 6174 2777 65975 92783 66594 78228 11583 86276 65757 nlsj107632 31607 101853 
-370	36229 36956 31236 11583 45830 1587 92783 26680 102381 74571 33819 45830 43977 84422 115212 27847 40137 
-10	38547 76532 80759 46804 92783 37343 84494 104421 106974 1093 37776 54158 45996 28592 86108 15893 nlsj4145 30700 42214 nlsj16183 114615 43587 69714 42827 184 23658 
-335	92783 101851 24808 102381 105517 48504 
400	66187 1587 nlsj114775 16565 83324 8530 11625 106566 49594 nlsj5575 92783 6817 1989 63306 19196 33631 27219 
-355	48670 86276 11106 15571 115210 nlsj68228 24292 29883 nlsj107880 27271 15281 92783 88735 6330 
237	39125 nlsj2087 47687 25132 88486 22210 nlsj71743 112934 104274 92783 84295 17453 64165 31246 63772 85306 36653 27847 
95	84363 17453 57340 25712 11106 114468 45026 56449 3634 735 96981 110662 45432 nlsj3180 nlsj7816 nlsj2729 nlsj9501 nlsj4769 nlsj1172 114468 63772 26408 17412 86827 92783 15281 
250	79595 46788 nlsj53951 92783 19123 35219 92783 43206 72610 100673 57340 nlsj70168 88476 27847 110734 
400	74626 61270 86108 26424 92783 19186 3454 39895 50512 58249 82320 23780 nlsj69846 48735 65295 17924 802 84494 84494 67069 1038 42827 nlsj2190 80257 72908 74600 21765 113862 18407 26834 72216 60703 45888 106502 62618 73169 14826 23455 81760 56567 
-392	71308 61495 94667 92783 
95	29883 nlsj60529 95295 18980 92783 91967 65965 59061 25120 61177 4479 105600 82453 
230	7941 22209 110639 91348 90504 27847 92783 98414 97048 
-10	62383 59735 45996 83665 7150 66594 35011 81774 62204 37720 81774 81774 83669 83683 61245 33426 61245 20885 64703 17986 3466 92783 4493 101851 77640 102514 112833 52571 90413 26233 57817 84263 59150 
170	43309 84234 26412 46646 15274 17453 3466 34431 22457 62528 34138 108103 23332 43488 91439 15576 48504 19123 92783 98982 65975 114468 15281 26259 49875 nlsj5576 35576 64050 19188 29805 93711 51562 22281 
0	113601 116416 116049 3511 86112 18199 19871 nlsj64653 62204 63772 76530 35219 3398 92783 35710 88146 76079 54381 108631 62204 110655 114468 86635 19563 
-10	43206 10545 45996 92783 20885 16051 4602 102992 
-10	75555 110639 28566 115744 62383 73672 22209 34159 34138 81343 67260 92783 30202 1239 
-335	nlsj4676 104698 26226 37776 72610 108536 102000 106601 31236 nlsj65911 26197 92783 101851 105517 48504 24808 102381 
120	66342 86853 60209 60766 92783 31607 94677 75475 60646 114421 37890 39562 34522 94677 66342 92783 19123 60759 
-10	78297 61245 7126 97767 92783 86429 86108 72852 101851 26008 113817 45996 16864 78272 73672 nlsj5158 19546 115193 84688 nlsj6302 nlsj84339 91547 65041 
195	46646 nlsj110139 61072 102100 35219 66187 72627 33977 92783 
-335	nlsj32160 64703 12912 24340 102993 22813 77871 92783 
200	21920 30866 92783 89122 nlsj73061 92782 
-355	23726 73277 15281 11213 92783 15533 89366 12485 66187 
230	1083 nlsj8286 35299 72627 82881 77169 37617 92783 110089 30866 92533 114364 
237	69050 68729 92783 114468 46782 67856 6339 83756 114706 110114 66574 105974 11463 101713 51647 110345 71065 
-355	37776 8550 71308 116062 71308 78100 33304 nlsj107632 6325 1587 104421 76586 101822 6330 28588 99116 19563 92783 114404 65975 51881 15281 92783 32322 89366 72627 nlsj106503 1587 86276 1587 1587 nlsj59172 79103 16207 46648 70364 46612 46782 114706 16360 89366 22209 
-335	105598 92783 103440 
-335	65565 15281 92783 
237	3507 116416 45183 1863 43558 32686 101851 45199 110666 80306 11106 92783 
-370	nlsj7507 nlsj2752 9082 37572 28566 nlsj61373 1587 92783 35946 92783 17411 76534 75475 116416 48291 89796 
-35	nlsj23738 16591 92783 58790 70768 87771 nlsj4331 74127 
-10	105344 92783 27489 nlsj107632 
-335	nlsj107632 45996 92783 46782 45996 96265 57474 112162 45996 57466 33607 
95	57460 41307 33685 66594 92783 102676 45996 91448 92927 59519 12485 
400	73530 60123 103822 106732 77169 92783 1587 63111 13098 
400	90830 nlsj4343 nlsj31734 nlsj29804 105586 57985 35946 60646 114415 92783 67853 110570 59182 97150 50702 59194 114468 51241 70840 8530 27219 
-375	34855 nlsj32160 15281 92783 66173 72254 62204 77627 68791 66594 45996 
228	87143 15399 74571 65313 46178 92783 17453 
-10	35863 58789 94483 28999 47917 112368 22209 nlsj4677 65975 92783 101851 46712 nlsj61372 22209 100583 
200	62204 62204 8258 114548 18195 8665 101851 92783 116416 45996 36165 nlsj26946 23468 109013 19972 102993 20621 76703 6184 79223 92783 116416 84513 8665 22209 100040 98173 70911 
228	110639 nlsj9722 nlsj7294 9868 nlsj2559 1984 83963 19381 113072 92783 33487 86001 80570 52784 66639 
-375	41798 15281 29883 92783 84295 27764 77627 19563 19972 92783 nlsj11198 59314 7917 
-375	26197 73742 1522 15274 116416 92783 102736 20795 26197 90504 109757 73742 22209 
-10	92783 22209 47964 4845 326 28732 60201 57466 68791 16765 84234 114753 92783 18128 
160	76910 28592 86184 79526 44964 42622 18519 61791 68876 74752 84238 92783 84234 86184 nlsj71743 104355 
400	90504 57881 105829 103704 92783 56437 69645 57340 33574 42352 66196 80042 106733 46068 1989 nlsj6180 71501 19972 77086 24513 105184 76703 15842 nlsj7749 53442 74420 113963 17404 70900 105184 96077 44964 27618 nlsj6180 110727 70235 105881 73517 nlsj12322 47825 96525 24513 79535 76910 48091 69052 105184 19477 80609 13657 
90	3398 8909 22088 927 92783 66199 
-335	43206 108536 72627 15281 26686 65565 23332 86108 92783 19563 98162 
-10	10406 45355 82451 55028 112227 97913 92783 
-355	43235 84263 64165 65975 114404 50165 66205 101024 84248 91448 64940 102676 20800 74385 19496 98982 10687 79526 92783 116408 77627 84268 88735 110734 64165 90305 66173 104655 43291 68890 114651 32309 102676 
-10	92783 64703 16051 98162 114553 11583 
90	114416 114468 6933 101611 3421 72627 51358 102117 37851 51849 92783 
-423	116470 92783 4778 
-355	72627 nlsj32160 63772 11106 15281 92783 56723 75480 84534 42648 90504 70991 24261 nlsj32160 66649 70989 1093 86274 49342 114753 89366 70188 37799 12485 84494 37789 
-10	37343 73672 44964 85306 77627 6988 67260 92783 
170	104429 15133 75483 51849 nlsj61372 70989 92783 75480 68969 
-335	3507 67856 22209 98480 115213 92783 65975 
-355	34522 63772 83310 62204 92783 68890 nlsj107632 67855 19789 113711 8909 
-250	46625 68890 nlsj1614 110639 88159 73277 86114 75759 15274 63772 92532 11607 22588 79230 8909 76765 59906 nlsj6956 17453 92783 84434 93165 30941 70972 31246 90504 nlsj2752 73277 84505 68891 78297 104421 68641 76703 69961 22209 104739 nlsj744 6339 101083 84234 19972 17540 
-370	31351 56730 72627 93789 17411 93165 116190 92783 72627 64400 93166 
-150	31945 54812 112384 16200 31204 54165 22088 84331 42366 42185 68941 28651 66294 6339 31236 4725 95221 24292 84034 101251 5919 57675 75195 47685 44445 92783 106502 85734 19870 60402 12074 55044 82758 94941 nlsj114757 28433 1974 116397 12074 48760 112833 9436 58350 75306 47687 78382 33183 
-458	28433 90166 67260 60375 nlsj40132 92783 nlsj11198 80257 10922 19841 74794 
228	76703 57343 114083 6515 17453 1587 4845 83797 114404 41418 92783 7126 74378 104274 48291 1587 
95	62204 nlsj8126 77413 100693 97112 nlsj5486 24261 70839 76742 nlsj7503 65295 104429 101959 1083 37799 90504 39125 33819 59295 110166 57460 116416 30796 102203 92783 102676 92927 
95	nlsj39496 92783 15281 34138 68891 59660 59339 48291 62204 27148 19871 80328 63772 77882 6339 
95	39375 nlsj10192 17412 1098 110639 92783 19123 23690 7915 110243 
-10	71308 106796 87148 4548 87771 67242 nlsj97865 14568 48580 6330 21899 11076 65565 45996 92783 11076 22209 100583 21899 65469 458 102392 16150 61791 92783 73601 98723 
120	79223 81033 50824 39125 92783 84410 101851 97121 101711 37885 
170	nlsj6956 15133 33819 27847 84762 53637 53513 64914 75480 30866 nlsj5899 61754 26412 11583 68876 84234 18790 84410 17453 92783 45268 33969 86108 
400	103190 nlsj36741 104429 92783 45913 27921 33574 81945 73169 2898 86108 1176 82093 27219 
0	109918 92783 57741 63772 95567 72627 91839 105580 27690 102930 75484 99969 
90	6339 3289 92783 
-10	6174 77699 52572 92783 
-10	73672 81634 67260 102515 nlsj40132 92783 96884 81774 97299 101851 80964 38547 76910 92784 67260 37343 96884 81774 97299 114548 85306 84234 34159 74126 57039 62204 67260 66187 
95	72153 19167 92783 114548 114676 34159 79526 35560 
-10	97767 92783 61245 
-375	92783 42214 116416 15281 112217 
228	nlsj66001 81130 79484 79676 66494 49463 19123 92783 62204 
230	114413 75484 19123 92783 17453 16330 3398 99859 47685 26226 20785 35219 102716 79779 64914 72202 33671 3473 101611 
-370	62204 92927 38547 9082 75475 75475 92783 75037 28566 
-423	85982 67260 41858 92783 
-355	74735 60592 25882 84248 92783 101851 66187 115213 63772 115744 67260 103922 66187 92783 92329 115721 57346 17415 90385 76490 63772 22209 92783 15281 22210 20621 37776 11036 67855 
228	102201 91835 nlsj61373 65975 74921 92783 
-395	103701 15618 62204 41021 18334 26196 92783 15281 22739 75019 77699 85306 27842 68185 
90	71308 59708 68890 nlsj5527 60172 14954 92783 36570 346 116416 43206 96037 
-10	66205 1083 22593 43206 79983 92783 72259 27335 
-423	67543 21936 21320 nlsj41894 71492 73881 23069 35983 92783 52332 45996 
-10	28165 25401 84534 92783 62383 58853 62274 4083 
-7	20621 1093 13098 nlsj36741 66187 106707 6814 88159 24342 7165 90504 54752 1093 54118 1093 49694 23332 40416 70840 92783 106733 72254 49694 52098 101249 32335 48760 67853 55313 43056 101248 
120	66838 3591 92783 25916 66838 52530 80415 74378 55498 102991 99485 19381 
-10	22209 92783 31565 28550 16051 100693 20885 116416 72610 52571 55139 92783 46612 90504 45996 63772 51148 15576 48504 114753 31565 104655 20885 nlsj2709 27847 27371 55139 63772 90504 
270	72627 92633 31236 82881 72627 31236 84034 48482 31236 72627 84365 31236 45996 84365 22393 45546 73881 72589 84365 115089 11583 28569 115055 76335 75552 18256 22210 75552 3261 3398 65975 92783 
-370	67260 92783 11583 84234 58444 
-370	92783 84234 17453 
-355	36677 104421 92329 8665 84234 115055 23069 66187 12485 66187 33618 101851 101024 92783 28188 8195 88735 92783 101851 33607 109358 66187 63772 34855 12485 92783 48760 112833 8909 74752 115818 nlsj65911 100590 31236 67853 
90	86187 8665 nlsj107632 50236 15274 92077 108780 29167 72627 4858 114468 24103 51849 92783 66199 89366 72254 63772 31537 24087 80328 88467 79223 34138 111031 99858 
175	72202 83869 92783 74126 
165	100597 74126 44306 66494 114684 324 18390 11556 104639 92783 73064 85306 99485 
-10	74735 88461 1984 43977 92783 31565 76532 20621 52571 26197 80761 97767 114753 17948 nlsj4709 72627 nlsj71743 41316 73277 61245 83683 48291 45499 
-35	94685 78409 49488 nlsj5651 92783 24388 114083 98173 46544 82367 48760 28036 71666 98417 
238	68729 3507 nlsj73061 77776 92783 74621 61317 104508 47991 98921 72610 3398 17453 109106 64028 75475 66838 75455 41824 nlsj96345 nlsj883 nlsj8286 19183 86219 40542 51849 80140 31161 37617 93131 85306 43206 56393 260 8665 61754 75480 43535 97132 22958 84434 nlsj31734 11325 48670 95898 110639 105504 
95	66187 92783 116416 76358 63772 90305 63674 
-10	90504 68754 62383 101024 66187 17483 46646 98818 92783 86763 52571 67260 
400	76118 33574 4099 31037 69052 70473 103702 70916 92783 109779 
-335	73707 nlsj71743 4083 112720 92783 66187 74767 86188 7911 102115 34855 46767 24340 42214 
-200	83622 85306 92783 22281 32964 30700 45996 67352 
-10	nlsj8930 62383 86083 59295 11076 110639 nlsj61372 97767 nlsj61372 11036 92783 
237	77928 22523 nlsj87668 52035 8108 31945 40947 72522 98700 nlsj1852 57833 58454 65552 13617 63772 95654 49817 86763 79484 66494 nlsj1852 110639 108215 113356 58804 13229 70934 61245 92783 67856 51849 11583 49817 13955 44968 45773 22425 
-10	nlsj8862 84234 nlsj2087 64597 65975 92783 64866 62383 96082 
359	85880 116416 60646 97295 81774 98614 83835 15893 8205 72627 68891 nlsj65911 92783 103012 15893 46613 66187 9892 
-355	92783 5227 113388 39120 22209 83665 37405 39850 nlsj65911 26447 
-10	92783 102386 458 
-35	110639 33819 90504 44931 22209 63418 92783 66187 51638 58790 nlsj5528 52571 22739 90504 33822 66984 25130 89361 102515 113356 26144 
-10	52571 86108 92783 
170	77699 100524 nlsj56179 15893 25175 61317 72340 nlsj4709 81857 73064 26114 84234 77917 27219 47991 73496 98489 21812 40906 92783 19123 17453 35710 73277 7126 67260 41887 85306 25175 43089 114129 112373 67146 88464 
359	66187 35282 72627 42622 92040 63772 57460 26454 51773 110598 51647 27219 49536 60209 114413 8526 110598 83797 37776 116416 92783 
-375	nlsj32160 8909 55622 92783 15281 84234 nlsj73061 52571 114548 75005 84234 66187 67260 76570 52571 36165 112989 260 24394 nlsj32160 
400	92783 73881 48066 
-375	nlsj4453 20598 8192 106177 64915 52093 86276 19563 34855 62272 92783 
95	28 76910 4274 22593 75475 76335 nlsj59172 4845 92783 22322 116218 43309 26197 
-200	92373 81774 101495 30866 60621 nlsj32160 97252 96981 113560 98622 92783 72627 nlsj71743 70958 98894 84494 64316 nlsj76838 31562 76703 nlsj10926 73742 72627 100370 
-335	87146 84494 30030 84494 113711 84494 116416 98979 84234 73907 92783 19563 31236 
-10	52571 42056 6174 57460 37210 66187 92783 
230	64961 260 nlsj1526 51825 nlsj4709 59098 86305 23069 105176 91976 50073 nlsj39585 45499 48291 76703 2084 37720 17453 94941 40565 22209 92783 87913 4076 62205 
-354	87413 11760 45996 22825 86458 63772 49875 98296 33822 84513 77412 11583 110639 73672 68890 92783 84234 26920 62204 
200	74631 87146 63772 nlsj111568 22209 116416 3261 8775 30376 nlsj111568 36165 1108 101851 63772 46646 92783 84513 22209 
-355	18047 114624 60340 60368 103980 92783 45996 
170	75483 75480 72610 nlsj63733 42214 67980 116416 4858 70972 37880 35872 92783 103701 50236 28360 
-360	103012 76703 37885 75480 11583 102000 22958 56518 17424 47913 92783 37851 50165 4845 94677 113560 56991 
-10	66187 45996 62204 92783 66594 86276 3261 103190 66187 1083 92783 16341 66594 84205 72254 25153 64866 47617 
-335	92783 47599 93711 62347 15281 nlsj32160 49694 62383 85306 nlsj71743 67260 49682 110662 62204 nlsj32160 93713 22209 37410 
95	15893 76335 45996 67250 99650 87300 112833 42130 11076 110858 69972 8741 26183 43977 3241 21963 19554 46782 7546 58782 nlsj27431 73517 92783 106267 90433 84234 64866 62204 110114 73687 nlsj2087 19546 31037 74126 85306 15893 100342 110606 nlsj9090 114129 35708 46646 52571 nlsj2087 
-375	72610 84250 110639 115055 103701 74126 92329 41685 nlsj47344 67853 43206 63772 48579 27847 95384 62204 67260 92783 15281 77699 43309 27847 62204 97115 
-375	72610 1087 86108 47617 115391 37885 92783 99189 
400	68254 103012 38467 27219 104416 60646 60703 35672 92783 36376 65240 38956 93165 
-411	59516 86108 408 60646 113560 99485 113560 92783 114413 106796 
-10	92783 11075 45996 65565 
-335	26197 110639 92783 24808 105517 68641 
95	74735 97132 74571 103922 80140 84421 64915 38547 22112 48395 116218 103678 2654 51826 13049 47973 94944 92783 66574 105580 66187 nlsj5576 nlsj51624 54744 18047 91372 105176 31705 84034 21501 47629 26047 
200	46782 21902 1989 nlsj76838 89698 nlsj73061 92782 103709 66746 92783 68641 22209 105580 nlsj80924 100693 73355 35011 21920 
-335	68891 74735 nlsj73061 92783 31607 nlsj32160 61885 28569 45996 76570 85982 86454 64866 44445 68891 45003 70958 85306 nlsj61372 62204 71308 68891 35708 111486 75552 105829 34276 45996 68891 76570 3470 12485 46249 20621 71308 70961 24847 105941 68641 31161 
90	33819 90504 23726 27847 66705 68890 53705 92783 31246 43206 65975 84295 84234 26207 47991 33791 
95	63772 11106 44719 73767 6729 65975 4845 92783 85306 59315 45996 55245 3507 nlsj64366 62356 46782 100774 46216 52572 41704 104429 52211 nlsj107632 nlsj7318 88138 76580 
250	102668 71308 1587 2660 nlsj78515 72627 13667 71023 1646 42887 66824 57466 105517 86108 61676 11901 22100 7804 57340 67526 56393 24084 6227 92783 39896 30671 80237 113560 24084 100930 14407 83797 41271 110734 32135 621 53442 43060 70530 61676 75005 83869 23332 68128 
400	70964 nlsj5575 92783 478 49780 
-10	nlsj4709 48291 11583 72202 114615 62204 85982 104421 6620 80189 100872 458 43540 92783 104421 48143 26210 112307 72202 59794 38547 2654 113711 64866 80327 
-375	110639 10545 22975 67868 30811 76586 112551 15281 43461 41018 77928 92783 45000 63772 43206 1192 30811 45996 75552 69057 63772 75552 4083 
230	26197 92783 
200	73277 31236 35868 84534 83756 98707 48580 nlsj71743 74621 97502 102930 66342 55139 63772 89698 35868 101851 92783 62204 
-335	62204 46692 63772 45996 92783 15281 66187 115213 30866 67260 35708 68641 80964 76910 43206 66187 
-375	nlsj80462 67762 66594 45996 12485 86276 15281 92783 62204 73064 22209 62204 75005 62204 31236 15281 67762 66594 92783 116408 78607 
-10	92783 59906 92783 76703 66196 
357	108702 260 110456 106696 97505 11175 25395 116416 42887 84295 74126 94816 25545 46712 92783 101851 51989 44964 110598 
237	24706 47513 63772 4076 nlsj2534 17595 18980 63063 47405 17775 31945 11583 22100 nlsj14967 99045 31161 116293 6324 nlsj7083 46571 13102 16998 22825 19254 63772 13102 nlsj1852 49817 19282 16986 3511 22209 78343 92783 34159 7129 112559 93709 11174 27847 19123 
200	nlsj5738 nlsj2859 110407 22209 67853 110639 nlsj2859 65975 64703 32964 65099 59922 92783 nlsj73061 36244 
228	31351 56730 72627 93789 17411 93165 116190 92783 64394 93166 
-35	54826 56991 82954 nlsj85121 94221 108527 65174 73672 8665 23069 81778 2055 25018 104787 49117 92783 11106 84234 27438 47007 103972 30500 6661 nlsj14967 102992 105550 34694 91800 90305 72522 85417 12035 
200	92783 102930 72255 28569 46804 45996 
-35	92783 15842 2224 7944 nlsj4469 55139 33819 
95	nlsj6469 nlsj8862 70364 63720 95565 114548 71107 5455 84234 69052 84250 42214 98234 22425 nlsj63371 65975 92783 46714 86112 109358 
-375	15281 92783 3289 nlsj32160 63772 
-360	75907 110114 27219 17411 19172 92783 
-10	28566 85306 49817 67260 26233 47587 34366 96884 39125 73064 24292 98234 67260 92783 14181 32383 74126 66294 100583 68641 66870 67260 66915 98395 101851 115055 46782 76512 73277 84238 11078 
400	110570 114413 92783 67853 86108 33708 77035 15345 19181 
-355	74631 nlsj76838 nlsj61372 56393 38547 114753 68876 76570 nlsj80964 72610 37210 84250 84248 84245 103190 92783 66187 92329 45996 26412 44559 76703 70364 114468 106094 11894 nlsj14967 68936 
230	92783 15281 
90	24826 53805 93711 66187 nlsj107632 64319 15842 68890 11106 102930 21899 92783 72627 31161 
95	48291 49589 7618 18515 nlsj2676 61959 114421 46788 114413 71308 41295 24334 62204 67855 61483 81774 26624 92783 78343 8198 45996 22209 
270	nlsj61372 76335 83665 3261 63772 100583 68890 11583 65975 92783 nlsj61372 87146 10923 2668 41338 nlsj61372 86184 45996 41018 nlsj14967 52774 
-7	68891 75480 92783 66187 nlsj59172 4845 52744 48052 99485 2764 
-355	31037 22818 68890 77613 66173 34653 60044 nlsj32160 104655 45996 90504 22210 38547 75005 38547 43309 105344 42159 31037 92329 66187 92783 
-8	463 114468 31236 8665 35219 75480 101851 90504 30870 84421 101046 57466 87773 85306 92783 
270	48556 44243 91209 nlsj61372 1522 57460 43287 105829 72627 33119 116416 23690 115818 110734 nlsj61372 43287 110606 1564 7369 31236 92783 45003 45250 27764 
-10	17595 nlsj2740 63772 67762 90504 67868 16051 61299 96884 103440 7126 92783 97767 62274 84150 102930 61885 
228	nlsj2559 79449 71492 93417 77699 22019 35376 nlsj744 60121 11709 nlsj11198 nlsj5754 18515 30866 92783 54469 91516 68020 86219 85912 71314 
-10	92783 110639 67762 68262 45996 11076 65469 100583 30941 28002 62204 92783 67260 68890 72254 48591 nlsj97865 34159 31246 25130 12485 63772 
-395	110598 81049 84245 66187 92783 67260 63772 22209 62274 
-375	98162 22739 67856 105829 76029 75005 24847 96929 90504 116416 41619 92783 96929 90504 28569 24847 38547 98162 46646 42827 92783 94711 90504 
-395	57343 64914 84248 260 84238 26412 66186 57347 36180 92783 15281 6325 72259 115887 76703 47007 45003 43462 22209 114651 62204 86219 
-10	92783 23332 96037 67349 83665 45996 24529 11583 97767 
-10	12210 92783 86108 33426 28592 98162 65552 104655 
-423	90504 58853 100906 nlsj47344 74602 92783 35946 74602 23332 
-335	41364 41360 84234 68890 19307 112989 64316 94711 85912 42214 58447 nlsj14967 76586 84513 84363 65975 84363 92783 58447 84363 74752 64517 84247 26197 37776 
170	5112 68891 72610 25053 92783 15281 45794 115310 57343 28566 
200	63772 92783 
-375	116416 62204 68890 22975 59660 98982 84234 41271 104690 63772 52571 64512 9014 78437 47022 15281 92783 
-360	61791 4845 75475 7399 28000 100973 75552 24292 92532 110012 92783 24289 
-10	73672 85306 61791 65975 92783 116416 26815 109081 nlsj8862 84238 37776 27847 46892 42830 110114 
237	78926 78071 3282 92783 26412 102117 92783 715 102992 80761 29902 43260 85306 1984 24436 84068 47887 86730 nlsj3113 61937 
-10	61245 73672 41345 92783 11076 65469 79629 20621 61245 79731 6339 28165 3295 43540 61855 33618 112720 37776 64866 20621 103701 76530 62204 64866 46782 
-10	26814 nlsj107632 66574 29805 nlsj5576 64050 1646 84234 66205 36658 104429 35011 84234 104429 115057 104429 26087 92783 85306 1169 35394 26046 nlsj5454 nlsj10686 102974 15842 102515 26815 
-10	110456 86112 92783 63772 89418 68262 45996 6330 nlsj32160 4076 28002 31161 11583 61056 22593 28566 57095 3261 
-355	64512 4716 84248 56393 22739 67260 92783 104138 97541 63772 42830 68641 103882 92783 15281 101608 22739 85306 8909 54399 
270	68891 15281 45996 92783 92783 15281 45996 70911 nlsj107632 29883 116416 70922 15047 45996 
-355	62204 72610 84248 80327 6325 41798 92783 15281 12485 76586 70364 
200	98234 110734 85724 15274 22522 114753 92783 22739 98162 62204 
95	4845 36956 33977 76532 93711 4845 54843 76335 92783 17453 33953 25878 84234 110166 115887 48970 86187 50337 66187 1083 57457 
90	101711 37890 66187 68890 92783 17415 
95	66187 92783 75480 11106 78394 2668 112934 115887 11901 41307 21626 
-10	nlsj39048 110114 63772 92783 67260 83467 
228	60398 1083 19477 17453 104695 92783 62204 nlsj5576 
228	67132 6184 92783 
95	nlsj1203 3946 62204 22958 59781 761 nlsj11198 110598 39046 90417 63772 37776 76586 73672 41798 86184 34134 92783 41498 86278 
-10	116416 46712 22209 62383 21899 92783 116416 22281 93711 43206 66574 116416 113388 45996 104274 
95	76368 69232 28401 84295 110341 65975 92783 55595 1083 26207 nlsj107632 54476 66246 66761 nlsj8862 110639 104538 75552 657 113963 85696 92514 110598 15618 78141 
-250	17154 75484 17421 45773 39178 92783 68891 87716 76789 27847 nlsj89241 103012 31607 87413 100385 97115 10381 nlsj13130 24293 33059 41338 6871 
200	63772 nlsj10898 nlsj7504 nlsj2378 59117 nlsj9635 nlsj5510 43206 85306 72202 86453 nlsj19031 115055 66593 85552 85306 66494 92783 15281 62383 nlsj73061 42611 
228	nlsj82481 68891 110639 nlsj9015 65461 nlsj1614 51256 11607 22588 79230 8909 76765 59906 nlsj6956 17453 92783 84434 93165 30941 70972 31246 90504 nlsj2752 73277 84505 68891 78297 68641 76703 69961 22209 nlsj744 6339 101083 84234 19972 17540 
-355	nlsj56179 61791 25916 74621 15047 112833 74385 19496 74602 75308 25916 75552 101468 22209 55714 89405 77928 41798 52571 15281 57466 102000 43206 35360 76512 22209 15047 67225 24292 110639 92783 67260 41814 4845 35863 nlsj32160 31236 85306 95100 61791 104429 22209 95661 31236 75699 nlsj105619 95100 2654 34653 22209 
-10	103922 62383 51259 22209 24340 10265 75552 11078 45996 43540 92783 75552 2739 458 
-10	22209 92783 
-10	62204 8665 114553 458 92783 114553 21645 43309 97926 101148 25106 59794 113711 
-10	89346 66199 6324 25931 43309 61885 92783 11106 45996 98241 97299 10545 42056 110114 63772 31236 42648 
200	73355 15893 33822 70961 68876 12485 15281 21920 37244 110639 92783 89791 14990 nlsj76838 114414 85306 114553 nlsj74282 
-355	nlsj80462 15893 nlsj80964 112720 82900 30796 nlsj114757 8865 110639 2668 61791 92783 21902 75480 103942 66187 108796 30040 92783 58440 114413 nlsj80964 103942 
-335	112720 67853 15281 92783 67260 68754 92783 110243 15893 112794 nlsj71743 67762 86429 21902 84245 17944 
-10	nlsj4677 2024 22825 63772 67260 92783 116416 83501 78926 35010 80357 nlsj107880 61245 97186 10923 54217 74126 79064 67352 114753 91280 74126 30319 92329 98234 68754 63772 85250 
-416	84363 nlsj107632 92783 112060 60316 nlsj9680 76703 
-355	110639 72610 27219 37303 116062 26196 43357 24292 22209 92783 15281 100693 65975 67856 43309 52332 67853 76513 115887 22209 260 73707 34855 32322 28588 12253 90671 66494 106707 37862 70364 115887 87626 nlsj14967 41798 60368 99116 67856 
-7	92783 108283 77949 57460 81866 115193 46255 112102 8909 44964 84494 nlsj8098 6396 22209 23069 19546 102992 62205 105829 102652 
-270	23242 92783 30911 112850 51523 112850 64914 
-200	65685 92783 17050 22019 65313 47601 
-10	11250 36166 63772 65975 92783 66594 101851 86278 11004 3128 110880 15281 59295 61411 22209 15281 
95	63845 66574 nlsj59172 nlsj80964 16169 81808 9014 3282 48770 75475 11106 114413 92783 45996 15281 63772 56723 45252 59315 31849 78550 
145	108103 35282 114419 56496 88467 66187 92783 114615 26412 64914 64866 69896 60495 64914 114615 86219 
170	85306 4860 5257 11583 95661 95582 23726 75480 39125 4602 57460 110639 114404 43206 86108 43206 92783 62204 
-200	101822 73277 65469 84234 92783 64718 57456 7949 77627 65469 100583 68641 nlsj71743 81963 65552 
-400	100765 14755 98358 36277 74767 115201 nlsj6956 20795 nlsj28333 85306 73881 30080 48051 113388 73402 92783 19123 89311 25882 102381 75555 110979 65552 97148 89796 84234 
-10	33494 96931 68754 62383 90504 15281 52571 61245 101024 74126 98735 81774 68641 92783 54516 102386 64836 458 109918 8047 65469 
-7	18047 92783 59922 114548 11106 101046 nlsj9414 8550 76532 41705 11106 7618 85306 70962 
-10	66186 37210 85306 67260 92783 31236 33956 81774 
95	73277 45794 61754 84238 35708 26008 33977 92783 6871 114548 17453 37851 84422 52332 46613 nlsj10514 nlsj8862 7911 68890 99485 
237	nlsj837 95654 nlsj3359 68187 22143 92930 80819 74126 11709 11433 13229 3398 102381 31246 25132 22064 16667 68891 92783 25120 46398 nlsj14315 
-10	84250 6184 66187 43540 92783 11076 66594 65469 78228 86276 
-10	71312 3295 12485 80357 92010 22209 62383 84513 100583 46692 3508 65975 110734 98414 92783 84263 66594 86276 108536 109358 56978 
-335	68641 67260 42830 92783 nlsj71743 61885 
200	37210 76765 84234 57359 71308 67009 15281 92783 nlsj76838 26057 72254 102514 
-10	74126 92329 68754 62383 68666 92783 62204 
-10	nlsj71743 47917 11058 92783 64703 112720 45996 83253 67260 47587 96040 19172 nlsj42378 96884 102993 
-10	92783 26226 nlsj71743 68641 
95	85306 3398 84250 8665 31849 112833 108660 39528 114688 41858 67260 92783 72627 387 114672 90202 81924 
400	29224 110166 60657 65301 103678 10631 110570 114413 92783 67853 86108 33708 77035 
-10	83467 67260 16943 92783 34303 3293 34583 73601 10544 45003 25582 92783 
-355	nlsj114757 45996 2668 57466 102381 16954 92783 74126 15281 
228	nlsj2752 110639 9082 37572 nlsj177 92783 35946 92783 17411 35945 75475 
230	nlsj58406 63897 57328 92783 
230	47030 39080 87413 77079 35541 102992 33858 25120 67260 92783 39080 66187 45996 
-395	41858 84248 260 103701 35576 55905 nlsj61372 62204 84238 66186 260 116408 116416 59176 34653 75475 66186 34653 nlsj61372 65975 84234 33953 15281 92783 19181 55905 116416 19183 15822 85953 65983 21429 55905 34653 66186 115887 42159 75555 62204 
161	110639 84245 81049 67260 92783 24368 62274 
-200	7561 31161 64815 116416 94033 26046 73277 19972 33257 63772 113388 92783 
313	nlsj32160 40001 nlsj65911 100765 49875 8665 49875 23069 nlsj65911 26114 30811 71308 41295 16273 26196 102100 76530 37799 16216 89862 48051 63772 32976 30814 3466 24226 103871 68641 nlsj107632 40807 24342 8665 49875 77928 22813 65552 37799 77484 16266 62204 30814 106733 51256 31236 92783 59315 41710 63845 51647 47629 3507 106733 3645 nlsj103596 24342 47007 96768 113294 72522 78538 92329 6384 12344 34759 106502 68641 86083 89869 15763 4670 nlsj108179 
90	67762 31706 92783 86278 104225 68876 17411 110639 
237	25120 66561 96106 75552 33819 112833 16817 nlsj59172 3508 48066 47674 110666 93789 20084 92783 22425 
200	92783 11174 nlsj32160 72627 87146 33953 64866 39661 38467 116416 84513 84365 78926 62204 23726 11583 326 101849 86371 86112 31161 84365 84513 77903 86083 86112 86083 86112 37851 
228	92783 17453 84234 
-335	37776 97502 15281 92783 
-335	116416 115055 101851 85306 67853 11691 103701 100522 43206 112833 42830 103701 11583 84234 67856 92783 63772 15281 115213 nlsj39496 72627 15281 92783 114548 68641 17421 57352 43206 105829 28569 72627 101249 
195	7218 74761 71373 63772 18984 72769 83834 92783 260 47629 59295 48059 50093 101851 110114 
-10	6174 88088 67250 66294 66205 92783 36658 84267 73277 26207 260 
400	45354 76805 19865 77035 28097 15281 26436 17453 14708 106709 nlsj5575 92783 45996 29806 68361 
95	51647 63772 84245 46714 65975 67260 92783 45615 76586 57474 84234 20046 18568 112720 23069 82367 113388 76335 112833 83082 68791 37858 30866 3282 nlsj59172 11607 102117 44552 8665 111023 65552 100379 
170	78601 92716 56445 59906 92783 nlsj76838 59182 
400	110606 75763 50284 34219 4117 nlsj5576 nlsj6639 nlsj5576 nlsj2559 4446 69644 73449 31458 56437 nlsj10358 11312 nlsj4720 84351 113163 113963 54358 4202 64985 71074 51530 53015 50073 75763 nlsj1370 59456 90504 113956 21920 66187 17412 19972 44226 71666 60402 92783 60646 86108 40154 16383 114413 
-355	nlsj80462 92783 15281 2668 8909 35219 15893 110639 13098 68876 27219 nlsj96033 2777 22209 
-375	65757 45003 15537 52571 62204 41798 73706 34855 43462 7369 116408 92783 15281 63772 116416 15618 62204 63772 
-10	11583 nlsj68228 98234 65565 115055 101851 65975 92783 65975 78607 
-371	92783 110639 85982 67260 96193 12409 83669 103972 
-335	92783 67853 115213 15281 75483 101853 92783 67853 46782 76512 86184 
230	79126 42840 6736 104311 83030 70482 77267 1587 110639 45996 75552 64181 102736 76118 48291 92783 72610 nlsj34252 
250	61830 110284 106685 66187 17412 47685 57340 60201 75475 92783 1083 
-423	102736 28566 64914 92783 
-150	nlsj11198 49565 nlsj4499 13831 19546 49997 73707 49565 92783 84245 72321 50003 49565 75552 13831 19546 nlsj4499 
228	57361 3507 47587 86184 66199 92783 84234 
-200	61245 12612 73742 72627 100370 45996 nlsj71743 42830 92783 
-422	92783 
-7	85306 nlsj1144 111855 116416 66187 92783 46714 63772 103107 90305 
-370	84234 92783 17453 
-8	57460 17453 92783 35946 57466 nlsj106862 73881 nlsj106862 78341 80042 106733 4845 114413 
270	101851 72627 63772 25905 92783 101841 63772 nlsj33345 101853 65975 28569 115213 86453 66295 86453 37720 100990 112720 
270	2672 110734 92783 101851 3722 115210 106601 6926 63772 52774 3722 26399 91209 70922 15281 nlsj61372 73277 nlsj61372 nlsj61372 68641 63772 111486 35583 83319 3722 715 45996 
200	62204 100971 15274 100416 92783 
165	15281 3466 26259 77764 92783 44158 15576 48504 25258 1646 101162 57340 73913 22425 83797 43488 23332 44165 65975 84202 106974 nlsj9629 nlsj6295 66838 20549 57343 65965 
175	104429 85595 22209 107423 83253 67260 7225 113469 92783 nlsj68228 71308 42531 16598 19395 21029 2298 14775 95467 56804 
237	15133 nlsj3566 112370 nlsj2857 97767 4972 26773 112351 7724 3466 68641 74126 100597 61855 34729 63772 69057 66342 nlsj1119 20674 41087 4972 51366 35109 58541 92783 70911 70911 81774 51071 102992 
-10	110639 3261 46648 90504 66187 38547 92783 105344 66594 11583 86278 
-10	84234 30814 23232 73492 67260 45996 31236 92783 73064 1564 52004 111530 26197 22209 86112 62204 74735 
180	6325 81432 26032 102669 38178 6330 37410 92783 
200	115057 21920 92783 104508 nlsj68245 93824 114553 57340 85306 21830 86305 104508 15893 114553 
-10	92783 101857 21899 11076 68641 70918 62383 100693 
228	nlsj9501 90504 110639 nlsj6118 17419 57466 92783 84234 102000 17411 
-10	90504 8665 nlsj2565 48291 45499 16051 61245 19172 92783 38547 41798 96040 31562 7126 43206 96040 31562 37343 104698 96040 102991 
-7	75480 nlsj6956 41704 92783 76532 nlsj76838 1587 85306 70962 59922 52571 31947 75152 
-10	37777 93711 43540 nlsj61372 92783 97767 
-270	32829 116216 65552 116218 61888 21651 18996 nlsj4077 92783 
95	76765 67855 65975 93165 81774 110662 66594 60172 26602 92783 
-10	6339 11583 97767 52572 92783 nlsj61372 63772 
170	113379 101655 260 63772 45408 16051 3511 2767 62204 113388 31706 92783 75019 83665 14954 28566 
270	36165 102381 92783 31945 31161 36165 73277 nlsj61372 37726 26233 102381 31945 
-10	15281 72273 81774 17986 18195 99358 71023 98412 84034 62204 78604 74126 6330 108536 25401 114548 47980 22281 54381 92783 
-10	11583 24289 67352 101851 78607 92783 51148 
-35	41345 31192 75480 59516 81343 85306 45312 94677 84434 92783 33953 76532 38487 10581 
-10	42830 92783 75552 28569 45996 62274 66573 
200	64316 92783 
