-335	116416 102000 66295 97767 nlsj32160 17478 6933 66294 98414 110689 86108 103248 83030 102000 28592 95922 35710 nlsj114757 66574 68791 68641 nlsj89132 nlsj87789 17478 6933 84494 97767 66295 84534 61885 17478 72627 13586 83774 24421 84505 
-355	98414 67762 24850 98211 61056 65552 4594 45996 
-10	71312 3295 12485 80357 92010 22209 62383 84513 100583 46692 3508 65975 110734 98414 92783 84263 66594 86276 108536 109358 56978 
95	94760 29883 50284 98414 63772 32657 
95	42214 nlsj61372 85306 72627 15047 35983 52035 46804 98414 15281 41295 2731 31236 105829 33809 88971 17154 43977 43287 45996 21872 116416 3508 68641 19496 40901 1852 90433 20084 92296 81524 102000 67526 37979 14400 70473 115712 43206 65693 113477 108087 55947 37776 108017 nlsj32160 85306 44351 
95	72627 110734 68891 34138 6609 19496 74385 102000 49752 106206 110746 48482 115975 98414 85913 56723 11894 115887 70839 29974 63772 76516 28569 57466 39328 67253 
230	34982 42840 105714 76703 97186 nlsj4709 94692 62175 67509 3473 20674 nlsj52693 98414 24390 19123 86402 35868 107315 95641 74621 113560 115055 
95	56723 43206 43206 98414 63772 85913 
-335	nlsj105619 4958 95100 111483 90504 76029 nlsj47344 116416 15047 15047 49875 76512 72627 82196 15684 98414 51182 107773 33811 106974 15047 73706 96560 3182 57460 55 19381 45996 43206 49875 49875 111490 40852 4076 
200	76910 15893 91348 nlsj7888 nlsj9722 90504 111486 92329 88464 15893 15047 98414 15281 52571 6174 100589 96929 52571 22065 
200	nlsj3134 47513 98414 85807 66342 2668 22209 72254 2670 15274 
-420	11583 98414 39161 
166	51241 47513 48277 37890 71413 92706 61072 75954 98414 1083 
95	85807 85807 98414 45996 45036 71620 4845 106263 105550 6871 51326 86083 77916 84234 27724 56657 80331 
160	43182 66975 49875 68801 72254 102000 98414 63772 18436 72254 66295 65552 33426 51358 16171 
-335	4359 58450 4359 51182 51182 98414 
238	95661 nlsj2907 41018 79484 13098 16290 22209 110638 64944 101024 90334 71065 110341 76703 77928 99858 26412 nlsj32160 88467 84094 106263 33751 18073 71620 98414 86028 110341 106326 14297 2392 51369 110735 80140 nlsj67620 
270	46195 46123 90433 64866 110477 52571 51530 nlsj39949 67509 90433 93388 98414 64987 293 46554 52615 98417 43206 2731 46123 52774 293 52571 45692 64866 115887 45996 248 260 110284 nlsj40204 30040 6788 6788 45996 72627 256 30040 
-10	8985 59150 77699 46712 98414 77591 114651 
270	62204 31161 98414 66295 73277 45519 90166 76335 52774 84234 73277 52571 98417 67225 106974 12210 68641 100589 6339 nlsj61372 106974 73277 nlsj61372 66295 45996 nlsj61372 73277 100990 nlsj61372 nlsj32160 73277 66295 nlsj61372 2731 54345 52774 
238	20097 nlsj68228 1984 108030 98894 40154 98414 112147 nlsj2705 23658 64866 
-335	52571 65552 30866 102381 98414 75078 nlsj71743 23658 64514 41018 
270	72287 2672 103745 70922 73706 102381 59339 66746 72287 2672 31945 63772 102381 59339 98414 
160	102000 115887 60340 11075 98274 260 52332 6339 11583 45368 76910 17301 98234 51373 102930 43592 102223 52035 83665 18225 101063 106916 259 52302 95721 8865 112720 17007 31607 3648 44213 34802 260 52332 98414 
170	12409 8665 4470 105548 111764 34678 48436 2392 98414 115103 5217 22209 
-250	98807 26447 102832 110012 86948 57929 22209 98414 
-35	74726 110262 98414 293 60003 51647 33819 63212 54178 55814 103862 6933 33494 65552 61791 
-370	104421 45996 113388 62204 35643 45996 52332 45000 98414 115871 3398 
-335	58429 24436 72980 84505 17478 63013 98414 64866 80357 67762 85567 26447 103975 102736 65552 26207 110598 8665 45372 2061 26447 18107 76910 2061 88469 
-35	65295 102274 nlsj15362 98414 14197 53224 46123 nlsj5209 
230	nlsj11021 35165 100990 106502 62528 33257 70550 85807 98414 48900 41335 70550 1564 84034 101713 31562 82996 112070 61791 51358 54217 104355 70550 115940 82213 
-150	nlsj7466 68185 48291 98414 17559 107812 8909 36677 
-7	65552 106974 46195 71673 84234 nlsj5357 nlsj10976 nlsj2565 33647 nlsj106503 65565 65552 69714 27847 16567 98414 103714 51800 84234 14568 101822 59238 75316 34603 84234 75005 22209 nlsj34207 13823 69714 
95	nlsj3134 85808 98414 2767 103267 73394 105550 nlsj32917 15162 40721 
350	190 67132 102000 65975 96625 116293 57817 15011 98414 7946 49817 104635 
-35	74571 49817 98414 110166 16400 15133 nlsj7477 113060 63013 nlsj67620 
-355	21578 114753 98414 5217 26921 95100 60003 22997 15571 22959 73959 47964 48670 
-35	51825 19554 49203 65552 98414 102000 76703 nlsj11198 86108 13039 85306 49203 108098 19594 23468 104538 109358 86108 2824 
250	27847 76765 95661 8665 85306 98414 22818 22825 72627 nlsj76838 103922 65975 6926 35360 35868 57466 41464 15133 43060 112720 67260 15281 46804 33230 37720 67260 12449 112720 75005 45996 57466 
220	58902 82968 50236 98414 26447 82190 75648 9146 41335 49938 1083 69531 16879 108401 41736 65934 71450 58902 22057 6184 260 64815 109396 71450 58902 96822 42159 46712 nlsj11198 21899 16266 102000 
270	115055 nlsj61372 72627 46892 110284 12210 98414 45996 52774 37720 nlsj61372 
270	103701 103701 103701 75552 67859 22818 nlsj18833 75480 113662 36165 nlsj68228 101445 61791 90385 77895 67853 30866 57466 98414 74735 66984 37777 31945 6396 8909 63772 
-355	106205 71065 nlsj14967 52093 98414 5217 65552 115887 102000 
-250	68641 101851 66753 97143 6330 nlsj107632 113388 28566 86083 101851 66746 103871 98414 79335 81634 86083 76910 101851 66294 17478 65742 81634 97143 115212 63772 1564 88821 115210 79335 
-359	71308 67762 87146 61885 41044 98414 63772 67352 37514 
-200	103248 nlsj553 29883 81770 98414 
95	83665 97547 73742 nlsj9411 107208 103248 83030 95922 67352 50838 12450 33671 98414 65565 71976 102000 
270	36165 110419 64866 52774 98414 39989 98414 42130 
-35	90504 21872 8909 76765 19972 42830 15173 97048 98414 86184 77928 68174 22209 22522 104355 72373 26602 80357 
95	83869 17381 104421 45996 22280 75552 13096 98414 52571 24925 61495 110114 
-10	34138 34159 100583 45996 85306 73687 80306 62383 62204 45996 90504 2764 36165 nlsj107632 5227 84250 74126 15270 24261 61245 100583 105344 81774 98414 
-339	73492 47608 84245 39482 31161 72610 80140 64078 92249 62956 2665 37720 110598 98414 100965 88159 
145	103922 nlsj112819 75096 70050 73881 65565 98414 45996 
-355	87921 93835 96503 111764 35322 35360 17730 66342 22057 75552 1872 98414 45996 57460 84234 60592 60592 81903 43206 35322 43206 nlsj67620 11894 82345 31333 71095 1872 nlsj67620 82345 nlsj106862 22057 nlsj106862 51701 71087 387 1872 106502 nlsj67620 82451 22209 51701 26186 81432 52571 74126 nlsj88959 22057 73881 57460 2660 46151 46369 39746 62205 2777 76513 74378 89306 
270	37405 98414 73277 40882 68754 29883 28569 31945 40882 48579 70922 98414 
95	30866 46712 84421 104838 74571 37776 22281 70349 102000 25695 103701 nlsj15362 66187 47931 98414 31161 23726 2496 83081 41045 98241 
200	93812 98322 85306 20885 67349 1108 68641 49817 98414 115210 20621 1103 83774 31161 
313	113711 63845 63772 110484 98414 78310 104421 51256 nlsj4952 43206 4845 83669 19554 85454 1093 21081 46425 66750 35576 70840 14197 20742 
167	115193 52774 77640 116293 98414 24856 77640 48504 73959 46606 49933 85306 47007 30809 21872 22100 47735 96666 
-335	22813 29883 107315 86108 98414 45996 nlsj114757 26197 52774 69853 90833 68754 69714 114445 65552 52689 114468 110662 29883 97999 
-10	62204 52774 102000 52571 116293 57466 65975 83936 110734 62204 43462 98414 114753 102381 45003 98192 42214 86112 62204 52035 nlsj68228 67250 
95	74127 84365 26226 30811 61791 4602 63772 83495 20621 76530 36571 77574 28588 5112 75308 102381 41357 46767 nlsj14967 11219 98414 76530 66507 34451 
200	52774 71023 92927 102115 73277 67132 63772 12409 91448 35643 98414 92329 15281 81741 101851 113388 56978 20605 108411 
95	91570 nlsj78595 30966 29708 90504 103922 83622 nlsj61372 98414 63772 51182 59794 73672 101024 112720 99507 62274 
228	37776 90498 35708 116293 6670 49463 7330 37075 76703 78141 29883 92010 45996 114753 98414 15133 
160	31607 59660 98414 105829 72254 22209 44306 79526 2645 
362	14310 115221 102000 72610 2764 115210 110243 nlsj94808 24390 51148 nlsj821 46195 28577 31236 106974 48579 12216 70918 24875 nlsj65911 68483 13098 47964 66325 24390 66323 41443 76029 27219 nlsj61372 98414 70909 59660 nlsj75370 28569 48579 98735 45270 73277 46425 16290 70910 
238	110639 3128 nlsj3501 18334 19546 85953 6244 116293 49589 102589 50824 65934 nlsj33192 17088 50512 103922 65934 72610 115055 49589 54878 110639 85953 114816 67260 30911 13207 94426 86219 19546 98241 50512 102841 67260 54878 18313 53442 22088 13207 98414 92305 54183 22100 85306 18334 
-10	62274 nlsj4677 32386 74126 23730 100583 84263 101851 36653 44927 41620 51989 77949 61791 110243 66494 56393 72348 102381 37156 41620 87716 45812 103709 77838 49817 nlsj71743 62274 98414 52035 86278 
-355	67253 98414 52774 nlsj14967 77596 98234 22209 
-335	98414 31236 1564 9014 25249 26197 64866 47617 
-35	70471 86917 15173 42830 97048 98414 nlsj7011 56607 66342 26602 
230	57039 96981 98414 112559 nlsj4709 116293 8817 nlsj112815 94473 33136 
230	7941 22209 110639 91348 90504 27847 92783 98414 97048 
95	64866 57466 102381 98414 114753 52571 
-35	48213 2219 104421 42830 97048 98414 
-250	12257 57929 6224 98414 47262 23628 57929 83756 18390 83774 38876 45238 22209 76910 75005 89301 63013 3642 88779 
220	71312 65628 92498 83238 20179 24281 50436 42159 91464 74378 87247 10698 98173 23332 83869 98414 104586 113560 65313 
-355	116416 15893 62205 16943 45996 48291 98414 34451 75552 74432 28588 6933 98417 
200	68891 102381 98414 34855 55241 1083 nlsj51624 
95	93478 26412 102000 12227 71976 106601 98414 102000 52774 73687 48291 80011 24394 
142	38547 81774 42827 11250 17562 11583 72610 67260 112989 87148 98584 98414 45996 95121 90522 83834 40882 
-10	84263 98414 44157 76516 34729 28345 102991 86276 16664 115374 nlsj4677 
95	84884 98414 15281 2669 85808 85080 95853 115102 75539 114731 35203 62204 43206 43206 84365 57460 2668 10061 64866 86112 100031 
238	90410 nlsj75598 90504 82877 1083 13586 42827 110639 13586 35642 85306 23242 72627 nlsj8862 95641 106707 23242 82891 45794 98414 70050 
-365	nlsj71743 74625 77895 98414 67352 83557 19005 115055 12485 89366 67855 21872 11894 
-355	nlsj80462 31236 28566 49817 260 48722 104655 61791 52774 98414 4071 62204 72627 31236 75005 2767 98369 260 22209 
108	44721 63772 52035 104355 98414 
270	75552 84250 2670 103701 72627 72330 102905 nlsj62657 98414 90385 15893 31947 45996 31945 112356 97779 73277 31945 8909 
270	4071 67676 90166 67225 84234 98414 52774 67676 31947 110639 nlsj61372 42827 
250	66494 nlsj84339 85953 24847 nlsj4376 22825 68768 18537 72627 82928 44534 64374 49234 11325 27999 58782 54113 64866 9082 86108 41633 82891 98414 71308 27547 69689 
-339	72610 113379 3511 43689 110114 nlsj14967 63772 84234 11058 nlsj11286 64866 96082 63772 98414 93478 72202 63772 2845 1456 84234 86184 43518 37885 116470 
-35	70050 75078 84234 6231 115193 44174 78757 98414 108341 83695 106502 75431 63314 83774 nlsj97815 39769 2853 115193 33675 63314 55139 33426 98894 83836 84234 62314 53442 64137 
-35	27219 69036 15173 42830 97048 98414 
200	nlsj3134 90504 24044 nlsj114757 22100 6483 110639 86371 46892 81091 86371 47007 71314 25053 98414 59660 15571 48670 81343 63772 
-355	75539 nlsj59470 30866 98234 98414 45996 75539 
160	66870 28566 3392 21847 31161 104166 97892 104166 81343 49890 103190 83718 33426 108536 98414 104166 78228 76530 
270	98414 66294 nlsj61372 90433 110114 92010 nlsj32160 98417 62204 nlsj61372 98417 nlsj61372 66573 41338 63772 nlsj61372 98417 62204 41338 98414 52571 nlsj76838 64512 41018 48580 98417 92010 29883 98982 52332 73748 98979 
230	65615 31236 31236 20023 52571 83866 12512 62204 77764 nlsj87668 94365 98414 
95	nlsj61372 67352 114753 48556 nlsj14967 52030 98414 43598 48341 70958 
95	110484 98414 97541 78310 67868 34587 96981 
-335	51647 64514 18100 48591 84234 81049 2672 48579 72627 19381 59519 95010 34855 48482 115975 2670 34868 68641 54399 nlsj89132 100495 31236 28592 104655 76512 nlsj89132 100495 43206 48579 48504 95100 106974 98414 16764 63772 31236 103922 41018 22065 nlsj107632 45996 
-250	57929 98414 nlsj107632 48591 
95	110484 63772 98414 78309 15173 42830 24292 80956 112703 67250 14395 80609 49117 458 33074 
